0.001	0.00937250999999991	0.002150503321527316	46.86254999999955	10.75251660763658	
0.002	0.01827943199999999	0.003013492212927713	91.39715999999996	15.067461064638566	
0.003	0.027746711999999986	0.003735488949663207	138.73355999999993	18.677444748316034	
0.004	0.03682713600000001	0.004376640451019945	184.13568000000006	21.883202255099725	
0.005	0.04585653000000007	0.004839324714368731	229.28265000000033	24.196623571843652	
0.006	0.055017143999999976	0.005031599661664666	275.08571999999987	25.15799830832333	
0.007	0.06399259199999999	0.005643638583886825	319.96295999999995	28.218192919434124	
0.008	0.07292721600000011	0.005913820541861574	364.63608000000056	29.569102709307867	
0.009000000000000001	0.08192307599999991	0.0062957852137937465	409.61537999999956	31.478926068968732	
0.01	0.09022590000000018	0.00674674960540259	451.1295000000009	33.73374802701295	
0.011	0.0994336559999998	0.006904293004911071	497.168279999999	34.521465024555354	
0.012	0.10838577600000017	0.007112485784156203	541.9288800000008	35.56242892078102	
0.013000000000000001	0.11653259399999988	0.0075494458309973795	582.6629699999994	37.7472291549869	
0.014	0.12555081	0.007681456776152556	627.7540500000001	38.40728388076278	
0.015	0.13424097599999996	0.008214885817795897	671.2048799999998	41.074429088979485	
0.016	0.14236592399999998	0.008204590393323963	711.8296199999999	41.022951966619814	
0.017	0.15147793800000003	0.008152735263220322	757.3896900000002	40.76367631610161	
0.018000000000000002	0.15974625599999986	0.00886290770968894	798.7312799999993	44.314538548444695	
0.019	0.16792952399999994	0.008451438607327404	839.6476199999997	42.25719303663702	
0.02	0.17658226799999988	0.00912569999727013	882.9113399999994	45.62849998635065	
0.021	0.18446713200000014	0.009193935183074561	922.3356600000008	45.96967591537281	
0.022	0.19277238600000013	0.009218603973216557	963.8619300000006	46.093019866082784	
0.023	0.20136924000000017	0.010123490825125491	1006.8462000000009	50.61745412562746	
0.024	0.20925216000000024	0.009842818711649621	1046.2608000000012	49.2140935582481	
0.025	0.21803758200000006	0.009633584519029044	1090.1879100000003	48.16792259514522	
0.026000000000000002	0.226282086	0.009863714516377896	1131.41043	49.31857258188948	
0.027	0.2340342719999998	0.010248255806624668	1170.171359999999	51.241279033123334	
0.028	0.2417504939999999	0.010735903454482236	1208.7524699999994	53.679517272411175	
0.029	0.25047613799999996	0.010840919442231634	1252.3806899999997	54.204597211158166	
0.03	0.25771073399999994	0.010906132798074853	1288.5536699999998	54.53066399037427	
0.031	0.26605584000000015	0.011006804568011553	1330.2792000000009	55.03402284005777	
0.032	0.2736262620000002	0.010640411579227365	1368.131310000001	53.20205789613682	
0.033	0.281499948	0.011216480706411264	1407.49974	56.08240353205632	
0.034	0.28917680400000056	0.011230573598600566	1445.8840200000027	56.15286799300283	
0.035	0.29700334800000017	0.011570006297962671	1485.016740000001	57.850031489813354	
0.036000000000000004	0.30435458400000004	0.011631539279172981	1521.77292	58.1576963958649	
0.037	0.31309480799999984	0.012068193391354632	1565.4740399999991	60.340966956773165	
0.038	0.32056851599999975	0.011928491203071056	1602.8425799999986	59.64245601535527	
0.039	0.32839165799999986	0.011952149998683747	1641.9582899999994	59.76074999341874	
0.04	0.33585273	0.01228163420848789	1679.2636499999999	61.40817104243944	
0.041	0.34324721999999963	0.011971780161011986	1716.2360999999983	59.85890080505994	
0.042	0.34983106199999986	0.012130890138656597	1749.1553099999994	60.65445069328298	
0.043000000000000003	0.35707343400000036	0.01263491616417155	1785.3671700000018	63.174580820857756	
0.044	0.36542826000000017	0.012757938781025702	1827.141300000001	63.789693905128516	
0.045	0.3724169399999997	0.012206728594525255	1862.0846999999985	61.033642972626275	
0.046	0.38015017200000056	0.013266706864418748	1900.7508600000028	66.33353432209374	
0.047	0.3871427400000001	0.013168231657910649	1935.7137000000005	65.84115828955325	
0.048	0.394914852	0.012631169694770794	1974.5742599999999	63.15584847385397	
0.049	0.4015414619999999	0.013290388770030612	2007.7073099999996	66.45194385015306	
0.05	0.40930434	0.012983841783555428	2046.5217	64.91920891777714	
0.051000000000000004	0.4160888999999998	0.013279006201595066	2080.444499999999	66.39503100797533	
0.052000000000000005	0.42305668199999963	0.012801297484039497	2115.283409999998	64.00648742019749	
0.053	0.4303690379999999	0.013154296454259955	2151.8451899999995	65.77148227129977	
0.054	0.43797882599999993	0.013702532936129865	2189.8941299999997	68.51266468064932	
0.055	0.4439444760000006	0.01363604492561623	2219.722380000003	68.18022462808115	
0.056	0.4513909680000002	0.01367342716362566	2256.9548400000012	68.3671358181283	
0.057	0.45798939000000044	0.01369493996539964	2289.9469500000023	68.4746998269982	
0.058	0.4656735359999997	0.01357177101725136	2328.3676799999985	67.8588550862568	
0.059000000000000004	0.471404448	0.013520664785996872	2357.02224	67.60332392998436	
0.06	0.4790851919999998	0.014020152529096675	2395.425959999999	70.10076264548337	
0.061	0.48491330400000004	0.013693978664054666	2424.5665200000003	68.46989332027333	
0.062	0.4922062199999999	0.014486869270605033	2461.0310999999997	72.43434635302516	
0.063	0.4988133899999995	0.013979946705188118	2494.0669499999976	69.89973352594059	
0.064	0.5050186380000001	0.014123609124758303	2525.0931900000005	70.61804562379152	
0.065	0.5128330319999995	0.01384940596469667	2564.1651599999977	69.24702982348336	
0.066	0.51910875	0.013716219971169173	2595.54375	68.58109985584585	
0.067	0.526143114	0.014458334179116357	2630.71557	72.29167089558177	
0.068	0.5328401939999999	0.014715349368817736	2664.20097	73.57674684408867	
0.069	0.5394940200000007	0.015006064372232989	2697.4701000000036	75.03032186116495	
0.07	0.5441630220000007	0.014657800857138014	2720.815110000003	73.28900428569007	
0.07100000000000001	0.5521275900000006	0.014982417387988493	2760.637950000003	74.91208693994247	
0.07200000000000001	0.5587459380000006	0.014778144531170226	2793.7296900000033	73.89072265585114	
0.073	0.5630708520000003	0.014672268975250419	2815.3542600000014	73.36134487625209	
0.074	0.56951667	0.014986706397707952	2847.58335	74.93353198853977	
0.075	0.5762628359999998	0.014105666913588449	2881.3141799999994	70.52833456794225	
0.076	0.5825954160000005	0.014510811392990547	2912.977080000003	72.55405696495274	
0.077	0.5895539640000005	0.014930838530729072	2947.7698200000023	74.65419265364535	
0.078	0.5953937399999998	0.014926973175979115	2976.968699999999	74.63486587989557	
0.079	0.6017370119999997	0.015522141842408724	3008.685059999999	77.61070921204363	
0.08	0.6080754239999995	0.015134044245086116	3040.3771199999974	75.67022122543058	
0.081	0.6142942800000003	0.015425777806567804	3071.4714000000017	77.12888903283903	
0.082	0.620792586000001	0.015409049804468946	3103.9629300000047	77.04524902234472	
0.083	0.627556734	0.014853901601977991	3137.78367	74.26950800988995	
0.084	0.6322660740000008	0.015504811613383894	3161.3303700000038	77.52405806691947	
0.085	0.6384601439999996	0.015399532415604844	3192.3007199999984	76.99766207802423	
0.08600000000000001	0.6454619459999998	0.015194296095347223	3227.309729999999	75.9714804767361	
0.08700000000000001	0.6500740860000004	0.015709846064064555	3250.3704300000018	78.54923032032278	
0.088	0.6570919260000001	0.015554090563145244	3285.4596300000003	77.77045281572622	
0.089	0.6627363299999999	0.015891560718793486	3313.6816499999995	79.45780359396744	
0.09	0.6683627520000004	0.01569656746765025	3341.813760000002	78.48283733825124	
0.091	0.6757552979999999	0.015178463551466456	3378.7764899999993	75.89231775733226	
0.092	0.6805297620000004	0.015818129458167806	3402.648810000002	79.09064729083904	
0.093	0.6861051539999999	0.01571890258358655	3430.5257699999997	78.59451291793275	
0.094	0.6917383800000003	0.016435432858784113	3458.6919000000016	82.17716429392055	
0.095	0.6972282360000004	0.016244778996351537	3486.141180000002	81.22389498175768	
0.096	0.7035549839999992	0.016369380864520923	3517.7749199999957	81.84690432260462	
0.097	0.7096246380000001	0.015453235787916908	3548.1231900000002	77.26617893958453	
0.098	0.7149939659999996	0.015644265559841528	3574.969829999998	78.22132779920764	
0.099	0.7203681540000008	0.015991275044982625	3601.840770000004	79.95637522491313	
0.1	0.7258886279999995	0.015784651509286367	3629.4431399999976	78.92325754643183	
0.101	0.7297931520000012	0.015733559084228098	3648.965760000006	78.6677954211405	
0.10200000000000001	0.7369417260000006	0.017055793977675846	3684.7086300000033	85.27896988837924	
0.10300000000000001	0.7417453499999995	0.015562539401444087	3708.7267499999975	77.81269700722044	
0.10400000000000001	0.7470135899999979	0.015663296518290782	3735.0679499999897	78.31648259145392	
0.105	0.7529389019999994	0.016284560837259206	3764.6945099999966	81.42280418629603	
0.106	0.7577065619999999	0.016008168017863745	3788.5328099999992	80.04084008931872	
0.107	0.7634569139999993	0.016007624208751407	3817.284569999996	80.03812104375703	
0.108	0.7683271200000003	0.01649830492776759	3841.6356000000014	82.49152463883796	
0.109	0.7743642120000007	0.016893048459382807	3871.8210600000034	84.46524229691403	
0.11	0.7795352519999992	0.016063690855606518	3897.676259999996	80.31845427803259	
0.111	0.7839350099999991	0.016210732164831425	3919.6750499999957	81.05366082415713	
0.112	0.7892533080000004	0.01603167718964976	3946.266540000002	80.15838594824879	
0.113	0.7950128940000002	0.016151599721042	3975.0644700000007	80.75799860521	
0.114	0.7988965200000001	0.016881863222571156	3994.4826000000003	84.40931611285578	
0.115	0.8052490259999993	0.016311720447314094	4026.245129999996	81.55860223657047	
0.116	0.8108326799999994	0.01633094223055118	4054.163399999997	81.65471115275591	
0.117	0.8142405120000004	0.016918485356138	4071.2025600000015	84.59242678069	
0.11800000000000001	0.8199456660000002	0.017014108557442686	4099.728330000001	85.07054278721343	
0.11900000000000001	0.826328304	0.016669447922579322	4131.64152	83.34723961289662	
0.12	0.8319838859999998	0.01727369528800956	4159.919429999999	86.3684764400478	
0.121	0.8361712619999992	0.017350293326723745	4180.8563099999965	86.75146663361872	
0.122	0.8408849759999988	0.016795314428715652	4204.424879999994	83.97657214357825	
0.123	0.8471470860000004	0.017243419710736133	4235.735430000002	86.21709855368067	
0.124	0.8508241620000004	0.016312321304147857	4254.120810000002	81.56160652073929	
0.125	0.8568991619999995	0.016832132103740034	4284.495809999998	84.16066051870017	
0.126	0.8626927679999997	0.017037916925791593	4313.4638399999985	85.18958462895797	
0.127	0.8675328419999995	0.017231005028118262	4337.664209999997	86.1550251405913	
0.128	0.8726314679999999	0.0166398661008127	4363.15734	83.19933050406351	
0.129	0.8777641139999991	0.017196855728853568	4388.820569999995	85.98427864426785	
0.13	0.8826158519999994	0.016601942647355938	4413.079259999997	83.0097132367797	
0.131	0.8868620340000009	0.0179408546586511	4434.310170000004	89.70427329325551	
0.132	0.891071279999999	0.01733667385358565	4455.356399999995	86.68336926792826	
0.133	0.8970310979999997	0.017391474186577636	4485.155489999998	86.95737093288818	
0.134	0.9015577019999998	0.016970628363239718	4507.788509999999	84.85314181619859	
0.135	0.9067705379999994	0.01708481769813643	4533.852689999997	85.42408849068214	
0.136	0.9107474760000014	0.0166855545695498	4553.737380000007	83.42777284774901	
0.137	0.9166635539999994	0.01767630625388361	4583.317769999997	88.38153126941806	
0.138	0.9198274140000012	0.01704528725990277	4599.137070000006	85.22643629951385	
0.139	0.9253838519999994	0.01706276217223039	4626.919259999997	85.31381086115195	
0.14	0.9294973559999998	0.016847720357640796	4647.486779999999	84.238601788204	
0.14100000000000001	0.9340847100000003	0.01698464505522267	4670.423550000001	84.92322527611336	
0.14200000000000002	0.9385233480000003	0.01667052314664707	4692.616740000001	83.35261573323535	
0.14300000000000002	0.944048196000001	0.01749262335116101	4720.240980000005	87.46311675580505	
0.14400000000000002	0.9472183740000002	0.017402525503849284	4736.091870000001	87.01262751924642	
0.145	0.9527169779999989	0.01745449680327441	4763.584889999995	87.27248401637203	
0.146	0.9553044419999999	0.017345750494246026	4776.522209999999	86.72875247123012	
0.147	0.9607364640000003	0.01709657251804304	4803.682320000002	85.48286259021519	
0.148	0.9645321239999994	0.01723243914832211	4822.660619999997	86.16219574161055	
0.149	0.9692735399999998	0.0171691625495363	4846.367699999999	85.84581274768149	
0.15	0.9743741099999997	0.016642983074674447	4871.870549999999	83.21491537337225	
0.151	0.9794717640000005	0.01720696794767468	4897.358820000002	86.03483973837339	
0.152	0.9826521480000001	0.017425436818688265	4913.260740000001	87.12718409344133	
0.153	0.9863462339999978	0.017906627883028197	4931.731169999989	89.53313941514098	
0.154	0.9910628639999975	0.01726758631950351	4955.314319999988	86.33793159751754	
0.155	0.9944211239999986	0.017682561139400144	4972.105619999993	88.41280569700072	
0.156	1.0000086660000016	0.016759749559239947	5000.043330000008	83.79874779619973	
0.157	1.0043204580000007	0.017054154743118645	5021.602290000003	85.27077371559322	
0.158	1.0085540039999998	0.01691525917673104	5042.770019999999	84.5762958836552	
0.159	1.0128050459999998	0.017801692925277727	5064.025229999998	89.00846462638863	
0.16	1.0173972599999996	0.01665714148239126	5086.986299999998	83.28570741195628	
0.161	1.0210947479999986	0.017124392419718026	5105.473739999993	85.62196209859013	
0.162	1.0257938820000005	0.017096392965244903	5128.969410000002	85.48196482622451	
0.163	1.0295992619999998	0.017523502932557635	5147.9963099999995	87.61751466278818	
0.164	1.0327825620000015	0.018071924938759445	5163.912810000007	90.35962469379722	
0.165	1.0374627420000002	0.017440908803999775	5187.313710000001	87.20454401999888	
0.166	1.0411057979999991	0.017285126525287457	5205.528989999995	86.42563262643728	
0.167	1.0458710280000005	0.016913288758110174	5229.355140000002	84.56644379055086	
0.168	1.0486665000000006	0.017373296853447268	5243.332500000003	86.86648426723633	
0.169	1.0532985659999998	0.017518679064462684	5266.492829999999	87.59339532231343	
0.17	1.0573182719999998	0.01667584412082388	5286.591359999999	83.3792206041194	
0.171	1.0616538779999993	0.017298304653957174	5308.269389999997	86.49152326978587	
0.17200000000000001	1.0659394260000004	0.01731118300667299	5329.697130000002	86.55591503336495	
0.17300000000000001	1.0684671119999976	0.017774408946219736	5342.335559999988	88.87204473109868	
0.17400000000000002	1.0727089199999984	0.016974454311629566	5363.544599999992	84.87227155814783	
0.17500000000000002	1.0774887300000007	0.01773492495453815	5387.443650000004	88.67462477269075	
0.176	1.081270296000001	0.017716437274813018	5406.351480000005	88.5821863740651	
0.177	1.0860394139999998	0.01732483185086089	5430.197069999999	86.62415925430446	
0.178	1.088075754000002	0.018001528428427515	5440.378770000009	90.00764214213758	
0.179	1.0916731260000005	0.017859299301599817	5458.365630000003	89.2964965079991	
0.18	1.0954571219999998	0.01736662549815351	5477.285609999999	86.83312749076755	
0.181	1.099858824	0.017878426347780856	5499.2941200000005	89.39213173890428	
0.182	1.1033828099999992	0.01747751396520396	5516.914049999996	87.38756982601979	
0.183	1.107784025999999	0.016950549392256407	5538.920129999994	84.75274696128203	
0.184	1.1101411259999998	0.01770998216509899	5550.705629999999	88.54991082549493	
0.185	1.1142453959999992	0.017284235926276377	5571.226979999996	86.42117963138189	
0.186	1.1191112279999995	0.017714048628024517	5595.556139999998	88.57024314012259	
0.187	1.1224680300000003	0.01766376326842894	5612.340150000002	88.31881634214471	
0.188	1.124658431999998	0.017602698977298215	5623.29215999999	88.01349488649107	
0.189	1.1286732780000008	0.018015318393487145	5643.366390000005	90.07659196743573	
0.19	1.1326818060000001	0.0178811768133522	5663.409030000001	89.40588406676099	
0.191	1.1362748040000001	0.01699011656091811	5681.37402	84.95058280459054	
0.192	1.139535864	0.017663728829369677	5697.679319999999	88.31864414684838	
0.193	1.1420003699999997	0.017402403730838432	5710.001849999998	87.01201865419216	
0.194	1.146142061999999	0.01761365187416157	5730.710309999994	88.06825937080784	
0.195	1.1505029400000009	0.018185805045375338	5752.514700000004	90.92902522687669	
0.196	1.1549114459999996	0.017420864249774876	5774.5572299999985	87.10432124887438	
0.197	1.1562056639999996	0.017614449157413475	5781.028319999998	88.07224578706737	
0.198	1.1603862360000003	0.017079219166235445	5801.931180000001	85.39609583117722	
0.199	1.163599668000001	0.0178862880225545	5817.998340000005	89.43144011277249	
0.2	1.1675061359999994	0.017552405389276552	5837.530679999997	87.76202694638276	
0.201	1.1705936940000004	0.017556869289892335	5852.968470000002	87.78434644946168	
0.202	1.1746231200000006	0.017775416614459427	5873.115600000003	88.87708307229713	
0.203	1.1788965179999993	0.017560025610222678	5894.482589999996	87.80012805111339	
0.20400000000000001	1.181485439999999	0.017488468078776957	5907.427199999995	87.44234039388478	
0.20500000000000002	1.1831130540000012	0.017343961735574842	5915.565270000006	86.71980867787421	
0.20600000000000002	1.1875803660000015	0.018336113647500245	5937.901830000008	91.68056823750123	
0.20700000000000002	1.189803816	0.01797347106794187	5949.01908	89.86735533970935	
0.20800000000000002	1.1940480539999994	0.018047246520427548	5970.240269999997	90.23623260213773	
0.209	1.1965830300000035	0.017265822725810055	5982.915150000018	86.32911362905027	
0.21	1.2009550860000002	0.01758239458664842	6004.7754300000015	87.9119729332421	
0.211	1.2036902940000012	0.017685429544502553	6018.451470000005	88.42714772251276	
0.212	1.2084215040000008	0.018378735668864297	6042.107520000004	91.8936783443215	
0.213	1.211211144	0.01769066959442925	6056.055719999999	88.45334797214625	
0.214	1.2141898380000005	0.01851077034144597	6070.949190000002	92.55385170722987	
0.215	1.2171811679999982	0.01764367331673809	6085.905839999991	88.21836658369044	
0.216	1.2212679419999972	0.017254590659434244	6106.339709999986	86.27295329717121	
0.217	1.2246830639999993	0.01723701773636915	6123.415319999996	86.18508868184574	
0.218	1.2288189239999985	0.017564591643024995	6144.094619999993	87.82295821512498	
0.219	1.231066188000001	0.017840520744996646	6155.330940000004	89.20260372498323	
0.22	1.2352107959999998	0.017318346636049985	6176.053979999999	86.59173318024992	
0.221	1.236880692000001	0.017759503448946327	6184.403460000005	88.79751724473162	
0.222	1.2429955439999996	0.017829201180312698	6214.977719999998	89.1460059015635	
0.223	1.2445779599999984	0.017462950485138535	6222.889799999993	87.31475242569269	
0.224	1.2488353199999989	0.017761299375710103	6244.176599999994	88.80649687855052	
0.225	1.2525770339999984	0.01757936127209529	6262.885169999992	87.89680636047645	
0.226	1.2549185820000002	0.017286824143759802	6274.59291	86.43412071879901	
0.227	1.2588775380000017	0.01853634142840914	6294.387690000009	92.68170714204571	
0.228	1.2627222839999988	0.017744048116011855	6313.611419999994	88.72024058005928	
0.229	1.2654122939999994	0.017216103669923797	6327.061469999997	86.08051834961898	
0.23	1.2684901319999993	0.01750191305379433	6342.450659999996	87.50956526897166	
0.231	1.27216818	0.017559611785446728	6360.8409	87.79805892723364	
0.232	1.2753325259999997	0.017409718806210606	6376.662629999999	87.04859403105304	
0.233	1.278731124	0.018186780049272704	6393.65562	90.93390024636352	
0.234	1.2818376360000012	0.018040574807790997	6409.1881800000065	90.202874038955	
0.23500000000000001	1.2842034839999994	0.01733497869158611	6421.0174199999965	86.67489345793054	
0.23600000000000002	1.2874669739999995	0.017622423792410725	6437.334869999998	88.11211896205363	
0.23700000000000002	1.2904199100000004	0.01843373574910684	6452.099550000002	92.1686787455342	
0.23800000000000002	1.292820749999999	0.01725582934899103	6464.103749999996	86.27914674495517	
0.23900000000000002	1.2968331659999996	0.017642106853447068	6484.165829999998	88.21053426723533	
0.24	1.2996684900000013	0.01756103535797078	6498.3424500000065	87.8051767898539	
0.241	1.3023327419999993	0.01759420144699488	6511.663709999996	87.97100723497438	
0.242	1.3059617040000016	0.0176195417788427	6529.808520000008	88.09770889421351	
0.243	1.309363704	0.017634643128807116	6546.81852	88.1732156440356	
0.244	1.312079472	0.018159476306579332	6560.39736	90.79738153289667	
0.245	1.3144526099999996	0.018205197864123862	6572.263049999998	91.02598932061932	
0.246	1.3173729839999997	0.018230321013952135	6586.864919999998	91.15160506976068	
0.247	1.321478712000001	0.017995192923807603	6607.393560000006	89.97596461903802	
0.248	1.3233225960000006	0.018022155272352517	6616.612980000003	90.11077636176257	
0.249	1.3275746099999999	0.017978004997437836	6637.873049999999	89.89002498718918	
0.25	1.3291633439999997	0.017607148738670447	6645.816719999998	88.03574369335223	
0.251	1.3315243319999979	0.018428600644264225	6657.621659999989	92.14300322132112	
0.252	1.3358366100000016	0.01718645927071366	6679.183050000008	85.9322963535683	
0.253	1.3390461539999987	0.01786756959668225	6695.230769999994	89.33784798341125	
0.254	1.3403729339999988	0.017758123704818714	6701.864669999994	88.79061852409356	
0.255	1.3445267760000006	0.0180483659049185	6722.633880000003	90.2418295245925	
0.256	1.3471399979999987	0.017850149174614662	6735.699989999994	89.25074587307331	
0.257	1.3489396560000009	0.017332444318377698	6744.698280000004	86.6622215918885	
0.258	1.3525380000000002	0.017234768790094043	6762.690000000001	86.17384395047021	
0.259	1.3548518460000012	0.017789710382923162	6774.259230000006	88.9485519146158	
0.26	1.3584579659999991	0.01793428399113953	6792.289829999996	89.67141995569766	
0.261	1.3605074279999991	0.017875061474378628	6802.537139999996	89.37530737189314	
0.262	1.3642462260000008	0.01780396986407593	6821.231130000004	89.01984932037966	
0.263	1.3659870779999994	0.017742568552098555	6829.935389999997	88.71284276049278	
0.264	1.369275839999998	0.018247370782181214	6846.37919999999	91.23685391090608	
0.265	1.372493159999999	0.017914387189697553	6862.465799999995	89.57193594848776	
0.266	1.375040286	0.017866885619217582	6875.20143	89.33442809608792	
0.267	1.3770576720000003	0.017464771578363576	6885.288360000001	87.32385789181788	
0.268	1.3796499959999997	0.017218069867902856	6898.249979999999	86.09034933951429	
0.269	1.3819424579999988	0.017543361336136123	6909.712289999994	87.7168066806806	
0.27	1.3840983539999987	0.01819100842896523	6920.491769999993	90.95504214482614	
0.271	1.387142657999999	0.01802353649279287	6935.713289999995	90.11768246396434	
0.272	1.3896669419999994	0.01722485332270309	6948.334709999997	86.12426661351547	
0.273	1.3922087220000003	0.017183532391295896	6961.0436100000015	85.91766195647948	
0.274	1.3952219219999984	0.017938213723944656	6976.109609999992	89.69106861972328	
0.275	1.397633454000002	0.018037322046076693	6988.16727000001	90.18661023038347	
0.276	1.398926699999998	0.017007538579053714	6994.63349999999	85.03769289526856	
0.277	1.4026475159999992	0.017130191982746262	7013.237579999995	85.6509599137313	
0.278	1.4051377800000007	0.017859882405648723	7025.688900000003	89.29941202824361	
0.279	1.4079672719999998	0.017477341799198645	7039.836359999999	87.38670899599323	
0.28	1.410581465999999	0.017649705696323764	7052.9073299999945	88.24852848161882	
0.281	1.4136597899999992	0.01763865193193346	7068.298949999996	88.19325965966729	
0.28200000000000003	1.415626631999999	0.017770679258165025	7078.133159999996	88.85339629082513	
0.28300000000000003	1.4180274720000003	0.017779979693610903	7090.1373600000015	88.89989846805452	
0.28400000000000003	1.4195360160000015	0.018057285781859448	7097.680080000007	90.28642890929724	
0.28500000000000003	1.4217166980000002	0.01766524998761114	7108.583490000001	88.3262499380557	
0.28600000000000003	1.4264041680000004	0.018253022962670493	7132.020840000002	91.26511481335245	
0.28700000000000003	1.427406300000001	0.01815433142911079	7137.0315000000055	90.77165714555396	
0.28800000000000003	1.4295398400000003	0.017353496863237675	7147.699200000002	86.76748431618839	
0.289	1.432380996	0.01763002900893768	7161.90498	88.1501450446884	
0.29	1.434873203999998	0.017475796411905917	7174.36601999999	87.37898205952958	
0.291	1.4365581659999993	0.017208263122129558	7182.790829999996	86.04131561064779	
0.292	1.4403927059999988	0.018086453003106073	7201.963529999994	90.43226501553036	
0.293	1.442050937999999	0.01760166611693778	7210.254689999995	88.0083305846889	
0.294	1.4440066019999986	0.017635413573874475	7220.033009999994	88.17706786937238	
0.295	1.4471529659999984	0.017831016387823886	7235.764829999992	89.15508193911943	
0.296	1.4498245079999996	0.01781245571542384	7249.1225399999985	89.0622785771192	
0.297	1.4515682760000004	0.017465228336664355	7257.841380000002	87.32614168332178	
0.298	1.4547365099999987	0.01785773107312066	7273.682549999994	89.28865536560332	
0.299	1.4556064499999988	0.016914988080442162	7278.032249999994	84.57494040221081	
0.3	1.45871685	0.016566123782270268	7293.584250000001	82.83061891135134	
0.301	1.4604717960000024	0.01774917381599448	7302.358980000013	88.74586907997241	
0.302	1.463040792	0.017399856244139957	7315.20396	86.99928122069979	
0.303	1.465880976	0.017883739115057116	7329.40488	89.41869557528557	
0.304	1.4669676720000009	0.018044216586940415	7334.838360000004	90.22108293470207	
0.305	1.4700309300000012	0.01716153311924955	7350.154650000006	85.80766559624776	
0.306	1.4719112640000018	0.017441731046496076	7359.556320000009	87.20865523248037	
0.307	1.4742868319999993	0.017371613368820277	7371.434159999996	86.85806684410139	
0.308	1.4772086639999984	0.01734905251197037	7386.0433199999925	86.74526255985184	
0.309	1.4796537299999977	0.01793177317621156	7398.268649999988	89.6588658810578	
0.31	1.480701060000002	0.01821132141884272	7403.50530000001	91.0566070942136	
0.311	1.4833468439999982	0.017648963256794	7416.734219999991	88.24481628397	
0.312	1.4863148459999997	0.017589473240557364	7431.574229999999	87.94736620278682	
0.313	1.4878826820000004	0.01683606578090249	7439.413410000002	84.18032890451245	
0.314	1.4898568140000006	0.017900149949690494	7449.284070000003	89.50074974845246	
0.315	1.4913493199999999	0.018485664047190722	7456.7465999999995	92.42832023595362	
0.316	1.4941102860000013	0.01808114911420744	7470.551430000007	90.4057455710372	
0.317	1.4948417160000016	0.017278939498920204	7474.208580000008	86.39469749460102	
0.318	1.4988312899999998	0.016944881708052733	7494.156449999999	84.72440854026365	
0.319	1.5003772560000013	0.017063677902681606	7501.886280000006	85.31838951340802	
0.32	1.5021380339999997	0.017661337888473905	7510.690169999999	88.30668944236953	
0.321	1.5048324180000001	0.01769783017404326	7524.162090000001	88.4891508702163	
0.322	1.5063458220000003	0.017728194666697335	7531.729110000001	88.64097333348667	
0.323	1.5088521240000003	0.01722988955532286	7544.260620000002	86.1494477766143	
0.324	1.5103004040000003	0.01784514309779509	7551.502020000002	89.22571548897544	
0.325	1.5122968920000024	0.017378090020377258	7561.4844600000115	86.89045010188629	
0.326	1.514046006000001	0.01804873373940576	7570.230030000005	90.2436686970288	
0.327	1.517207922000001	0.017491200570970436	7586.039610000005	87.45600285485217	
0.328	1.5187665240000006	0.017893242547884474	7593.832620000003	89.46621273942237	
0.329	1.5210225360000007	0.017293700860622752	7605.112680000004	86.46850430311376	
0.33	1.522306061999998	0.017462883607931277	7611.53030999999	87.3144180396564	
0.331	1.5241105800000017	0.017726993067962774	7620.552900000008	88.63496533981386	
0.332	1.527959213999999	0.01753032651955474	7639.796069999995	87.6516325977737	
0.333	1.5285880979999997	0.01746141899441153	7642.940489999999	87.30709497205767	
0.334	1.5316989840000002	0.018234116790449267	7658.494920000001	91.17058395224633	
0.335	1.5335229420000003	0.017577884273047076	7667.614710000002	87.88942136523538	
0.336	1.5340551119999983	0.0174270677754881	7670.275559999992	87.13533887744049	
0.337	1.5370085339999986	0.017428337025397596	7685.042669999993	87.14168512698798	
0.338	1.5390915299999999	0.01793648152183421	7695.457649999999	89.68240760917104	
0.339	1.540118933999999	0.017732954188280168	7700.594669999995	88.66477094140085	
0.34	1.5426889019999983	0.017498598226326455	7713.444509999991	87.49299113163228	
0.341	1.543856273999999	0.017490914614191118	7719.281369999995	87.45457307095559	
0.342	1.546711523999998	0.01764916774778412	7733.55761999999	88.24583873892058	
0.343	1.5482239560000002	0.017542463920158513	7741.119780000001	87.71231960079257	
0.34400000000000003	1.549988136000003	0.017027735474968587	7749.940680000014	85.13867737484293	
0.34500000000000003	1.5518480579999991	0.017645122635126	7759.240289999996	88.22561317563	
0.34600000000000003	1.5548194620000018	0.017727264950537523	7774.097310000008	88.63632475268761	
0.34700000000000003	1.5555883140000004	0.018101543493122436	7777.941570000002	90.50771746561219	
0.34800000000000003	1.556758115999999	0.017354838597075564	7783.790579999995	86.77419298537782	
0.34900000000000003	1.5603904799999995	0.017366593733994025	7801.952399999997	86.83296866997011	
0.35000000000000003	1.5606908279999987	0.01777016447741599	7803.4541399999935	88.85082238707994	
0.35100000000000003	1.5625191599999992	0.017280662027318264	7812.595799999996	86.40331013659133	
0.352	1.5644456639999984	0.01808230532556911	7822.228319999992	90.41152662784555	
0.353	1.5669621720000009	0.017362796005552086	7834.810860000004	86.81398002776042	
0.354	1.5696657899999995	0.018255584399298197	7848.328949999997	91.27792199649097	
0.355	1.571217587999999	0.017614588693189975	7856.087939999995	88.07294346594986	
0.356	1.5720617700000001	0.017606472560484674	7860.30885	88.03236280242336	
0.357	1.5742929959999987	0.017507715454621254	7871.464979999993	87.53857727310627	
0.358	1.5758209800000016	0.01711249478572893	7879.1049000000085	85.56247392864465	
0.359	1.577557944	0.017283952913522527	7887.78972	86.41976456761263	
0.36	1.5805342079999993	0.01684624637089034	7902.6710399999965	84.23123185445172	
0.361	1.5813297899999998	0.017533771210093398	7906.64895	87.668856050467	
0.362	1.5832815659999977	0.017146098176776092	7916.407829999988	85.73049088388045	
0.363	1.5851181599999993	0.01780414021149014	7925.590799999996	89.0207010574507	
0.364	1.5865688699999994	0.017078001101976208	7932.844349999997	85.39000550988104	
0.365	1.5895198620000008	0.01704323985306071	7947.599310000004	85.21619926530354	
0.366	1.589636502	0.01740299803803919	7948.182510000001	87.01499019019595	
0.367	1.5922992959999978	0.01730342311383456	7961.496479999989	86.51711556917282	
0.368	1.5927712019999993	0.01751091621084392	7963.856009999997	87.55458105421961	
0.369	1.5953960879999984	0.01773397109122085	7976.980439999992	88.66985545610424	
0.37	1.5979456439999995	0.017122904150209554	7989.728219999997	85.61452075104776	
0.371	1.5990522660000017	0.017375758381758286	7995.2613300000085	86.87879190879143	
0.372	1.6013141099999992	0.017460119189051944	8006.570549999997	87.30059594525973	
0.373	1.6025689620000005	0.016749910228970065	8012.844810000002	83.74955114485033	
0.374	1.6040007179999993	0.01733128354601805	8020.003589999997	86.65641773009024	
0.375	1.6062188220000007	0.017381091839131266	8031.094110000004	86.90545919565633	
0.376	1.6083013320000008	0.017344299991460456	8041.506660000004	86.72149995730227	
0.377	1.6089117479999997	0.017012552530425797	8044.558739999999	85.06276265212898	
0.378	1.6118034479999996	0.0171274079841433	8059.017239999998	85.63703992071649	
0.379	1.61367552	0.0171215641059338	8068.3776	85.60782052966898	
0.38	1.6143923699999976	0.017346367221614454	8071.961849999988	86.73183610807226	
0.381	1.6149658499999995	0.017010905150917167	8074.829249999997	85.05452575458584	
0.382	1.6180461179999996	0.017580152579942963	8090.230589999998	87.90076289971482	
0.383	1.6190949059999968	0.016706960668869862	8095.474529999984	83.5348033443493	
0.384	1.6215419159999998	0.016613040899514573	8107.709579999999	83.06520449757286	
0.385	1.6219691099999995	0.017734970236115415	8109.845549999998	88.67485118057708	
0.386	1.624681962	0.016970309361309707	8123.409809999999	84.85154680654853	
0.387	1.6245546299999996	0.017805052747327067	8122.773149999998	89.02526373663534	
0.388	1.6271197379999993	0.017473391191390304	8135.598689999997	87.36695595695153	
0.389	1.6283347380000013	0.01718170304467389	8141.673690000006	85.90851522336943	
0.39	1.6306344900000014	0.01661743929165682	8153.172450000006	83.08719645828411	
0.391	1.6321231079999992	0.017998862309722148	8160.615539999996	89.99431154861074	
0.392	1.6338294539999998	0.017028405824676712	8169.1472699999995	85.14202912338358	
0.393	1.634241096	0.01732367096382242	8171.2054800000005	86.61835481911211	
0.394	1.6386374520000004	0.017240748970613087	8193.187260000002	86.20374485306544	
0.395	1.6389392579999975	0.017356265029937663	8194.696289999987	86.7813251496883	
0.396	1.640293253999998	0.016834853953850745	8201.46626999999	84.17426976925374	
0.397	1.6427995559999993	0.016855104192939993	8213.997779999996	84.27552096469995	
0.398	1.6442381159999993	0.017305200694200083	8221.190579999997	86.52600347100042	
0.399	1.6448679720000015	0.01659698180149682	8224.339860000007	82.98490900748409	
0.4	1.6460815140000025	0.016559646807580295	8230.407570000012	82.79823403790148	
0.401	1.649194344000002	0.017741947604749158	8245.97172000001	88.70973802374579	
0.402	1.648873098000002	0.016616559267140577	8244.36549000001	83.08279633570288	
0.403	1.6520612579999994	0.016888309032387947	8260.306289999997	84.44154516193974	
0.404	1.6518114539999995	0.016991789406236284	8259.057269999998	84.95894703118142	
0.405	1.6551230580000007	0.017198683683486805	8275.615290000003	85.99341841743403	
0.406	1.6557091740000025	0.017530960574073624	8278.545870000013	87.65480287036812	
0.40700000000000003	1.6574432219999984	0.017173735940170843	8287.216109999992	85.86867970085423	
0.40800000000000003	1.6589046240000003	0.016960637868035065	8294.523120000002	84.80318934017534	
0.40900000000000003	1.6593002280000015	0.016865662110335803	8296.501140000008	84.32831055167902	
0.41000000000000003	1.661795352	0.01665602035625844	8308.97676	83.28010178129219	
0.41100000000000003	1.6641957060000023	0.017230900630598626	8320.978530000011	86.15450315299313	
0.41200000000000003	1.6650029519999996	0.016970820603544677	8325.014759999998	84.85410301772338	
0.41300000000000003	1.6659822420000014	0.017647825043144445	8329.911210000007	88.23912521572224	
0.41400000000000003	1.6689113640000017	0.0174195263066337	8344.556820000009	87.0976315331685	
0.41500000000000004	1.6691601960000018	0.017746533424237678	8345.800980000009	88.73266712118838	
0.41600000000000004	1.670214330000001	0.017449159630626907	8351.071650000005	87.24579815313453	
0.417	1.6710346979999984	0.0166367202478372	8355.173489999992	83.18360123918599	
0.418	1.6725461579999996	0.016865683082135655	8362.730789999998	84.32841541067828	
0.419	1.675010663999999	0.01707961537503417	8375.053319999995	85.39807687517086	
0.42	1.6769152980000006	0.016694611112787142	8384.576490000003	83.47305556393572	
0.421	1.6763904179999987	0.016791178541760446	8381.952089999993	83.95589270880224	
0.422	1.6782858180000002	0.016971964988500184	8391.429090000001	84.85982494250092	
0.423	1.681236809999997	0.016486340506852954	8406.184049999985	82.43170253426477	
0.424	1.6819998300000014	0.016738675203465163	8409.999150000007	83.69337601732582	
0.425	1.684556190000002	0.016857124029202034	8422.78095000001	84.28562014601017	
0.426	1.684578546000001	0.016782111868113746	8422.892730000005	83.91055934056872	
0.427	1.68596559	0.01735163462766261	8429.827949999999	86.75817313831305	
0.428	1.687782744000002	0.016824036753837174	8438.91372000001	84.12018376918587	
0.429	1.6893782820000007	0.017587583460739444	8446.891410000004	87.93791730369722	
0.43	1.6899075359999989	0.016253114711731506	8449.537679999994	81.26557355865754	
0.431	1.6918578540000009	0.017154982722657683	8459.289270000005	85.77491361328842	
0.432	1.6934232599999977	0.016332969107801548	8467.116299999989	81.66484553900774	
0.433	1.6935812100000018	0.017370205506323125	8467.906050000009	86.85102753161563	
0.434	1.6955052840000004	0.017644078322636862	8477.526420000002	88.2203916131843	
0.435	1.6979270219999985	0.016788909715628218	8489.635109999992	83.94454857814108	
0.436	1.6984125359999973	0.01687689161714042	8492.062679999986	84.3844580857021	
0.437	1.7001956699999998	0.016304977505752664	8500.97835	81.52488752876332	
0.438	1.7012493180000008	0.01657212846640031	8506.246590000004	82.86064233200156	
0.439	1.7030927159999985	0.017541667357447655	8515.463579999992	87.70833678723827	
0.44	1.7038732320000003	0.017279731578765212	8519.366160000001	86.39865789382605	
0.441	1.7049438899999998	0.016643124993338834	8524.719449999999	83.21562496669416	
0.442	1.7075639159999996	0.016862785106409442	8537.819579999998	84.31392553204721	
0.443	1.7075610000000008	0.01774564297533338	8537.805000000004	88.7282148766669	
0.444	1.7094282119999997	0.016577894103023332	8547.141059999998	82.88947051511666	
0.445	1.7095390199999974	0.01722225946754954	8547.695099999986	86.1112973377477	
0.446	1.7127689759999993	0.016461167557358262	8563.844879999997	82.30583778679132	
0.447	1.7135344260000016	0.016220488039961203	8567.672130000008	81.10244019980601	
0.448	1.7146429920000013	0.01664799945578854	8573.214960000007	83.2399972789427	
0.449	1.7150220720000011	0.017196697070159014	8575.110360000006	85.98348535079508	
0.45	1.7166861360000005	0.01663902340371889	8583.430680000003	83.19511701859447	
0.451	1.7182748699999997	0.016884034328296653	8591.374349999998	84.42017164148326	
0.452	1.718448857999999	0.016789492988528155	8592.244289999995	83.94746494264078	
0.453	1.7211276899999997	0.01651544114590644	8605.638449999999	82.5772057295322	
0.454	1.7216467380000013	0.01721802533263776	8608.233690000006	86.0901266631888	
0.455	1.7232622019999972	0.01681962904023736	8616.311009999987	84.09814520118682	
0.456	1.723902264	0.01646579636416968	8619.51132	82.3289818208484	
0.457	1.7260212239999997	0.01666673738023804	8630.106119999999	83.3336869011902	
0.458	1.7272007459999978	0.017135694796986938	8636.00372999999	85.6784739849347	
0.459	1.7277207659999994	0.016500660083319237	8638.603829999996	82.50330041659618	
0.46	1.7296992720000035	0.016486315585418597	8648.496360000017	82.43157792709299	
0.461	1.7303218379999998	0.016493239809623705	8651.60919	82.46619904811853	
0.462	1.7322881939999997	0.01709143473106821	8661.440969999998	85.45717365534104	
0.463	1.732877226000002	0.01686760108980896	8664.38613000001	84.33800544904479	
0.464	1.7339887079999994	0.016624262910419123	8669.943539999997	83.12131455209561	
0.465	1.7353218060000024	0.01707090035839835	8676.609030000012	85.35450179199175	
0.466	1.7362024379999985	0.017141362003182694	8681.012189999992	85.70681001591346	
0.467	1.738112903999998	0.016684327648388585	8690.56451999999	83.42163824194293	
0.468	1.7394207300000009	0.01732108346585458	8697.103650000005	86.60541732927291	
0.46900000000000003	1.7406187200000012	0.016682360422482206	8703.093600000006	83.41180211241102	
0.47000000000000003	1.741519278000002	0.01658727235113467	8707.59639000001	82.93636175567336	
0.47100000000000003	1.7413200179999986	0.01641608172018144	8706.600089999993	82.08040860090719	
0.47200000000000003	1.7435055599999985	0.017378835394766822	8717.527799999993	86.8941769738341	
0.47300000000000003	1.7442612900000012	0.01716321075987533	8721.306450000005	85.81605379937665	
0.47400000000000003	1.7458262099999977	0.017283336521398285	8729.131049999989	86.41668260699144	
0.47500000000000003	1.747578726000003	0.017093689657090533	8737.893630000015	85.46844828545265	
0.47600000000000003	1.7480929140000003	0.017116784762583288	8740.464570000002	85.58392381291644	
0.47700000000000004	1.7493375599999996	0.01611443209245673	8746.687799999998	80.57216046228366	
0.47800000000000004	1.7510696640000005	0.01660370775553171	8755.348320000003	83.01853877765853	
0.47900000000000004	1.752045551999999	0.01698926276420776	8760.227759999994	84.94631382103881	
0.48	1.75367268	0.01733612888235434	8768.3634	86.68064441177172	
0.481	1.7538651359999982	0.016412773515451427	8769.32567999999	82.06386757725714	
0.482	1.7549134379999995	0.016508687557288036	8774.567189999998	82.5434377864402	
0.483	1.7572272840000005	0.016433587960008742	8786.136420000003	82.16793980004371	
0.484	1.7583475139999991	0.01624471265833299	8791.737569999996	81.22356329166496	
0.485	1.7586507779999985	0.016425368329712305	8793.253889999993	82.12684164856154	
0.486	1.7602915139999997	0.016963871589463397	8801.457569999999	84.81935794731699	
0.487	1.7615172060000008	0.016929700717660794	8807.586030000004	84.64850358830397	
0.488	1.7619618959999992	0.01687780744022113	8809.809479999996	84.38903720110565	
0.489	1.7634203819999976	0.016304224615297614	8817.101909999988	81.52112307648807	
0.49	1.7624785139999979	0.01764604361515077	8812.392569999989	88.23021807575385	
0.491	1.7660326320000008	0.016824661991985932	8830.163160000004	84.12330995992966	
0.492	1.7664151140000006	0.016490419005562116	8832.075570000003	82.45209502781057	
0.493	1.7672928300000037	0.01681289570523472	8836.464150000018	84.0644785261736	
0.494	1.7681394419999983	0.016303481135899647	8840.697209999991	81.51740567949824	
0.495	1.7697937860000006	0.016813179651160682	8848.968930000003	84.0658982558034	
0.496	1.7707823100000024	0.016311240105028817	8853.911550000012	81.55620052514406	
0.497	1.7721980280000014	0.017003111263037017	8860.990140000007	85.0155563151851	
0.498	1.773199187999998	0.016332656277919293	8865.99593999999	81.66328138959646	
0.499	1.7742358259999997	0.016567137079583905	8871.179129999999	82.83568539791953	
0.5	1.7750450159999978	0.016359161847470813	8875.22507999999	81.79580923735406	
0.501	1.7773063739999997	0.016495035594509138	8886.531869999999	82.4751779725457	
0.502	1.7773010279999994	0.016006585385497294	8886.505139999997	80.03292692748647	
0.503	1.7780878620000018	0.01692966410868673	8890.439310000009	84.64832054343364	
0.504	1.7801567640000033	0.016407421354506128	8900.783820000017	82.03710677253065	
0.505	1.7805319560000032	0.016994167666527983	8902.659780000016	84.97083833263991	
0.506	1.7811725039999997	0.016202096416513028	8905.862519999999	81.01048208256513	
0.507	1.782756863999998	0.016886467236858726	8913.78431999999	84.43233618429363	
0.508	1.7833361760000006	0.016699521125380312	8916.680880000004	83.49760562690157	
0.509	1.7847868860000036	0.01653111835959698	8923.934430000018	82.65559179798491	
0.51	1.7854493040000023	0.01636072860026667	8927.246520000012	81.80364300133336	
0.511	1.7864699039999992	0.016808895122011547	8932.349519999996	84.04447561005775	
0.512	1.7873675459999991	0.017315747457325763	8936.837729999996	86.57873728662881	
0.513	1.789397567999999	0.016548064177702968	8946.987839999994	82.74032088851483	
0.514	1.788840125999998	0.016272350667193854	8944.20062999999	81.36175333596928	
0.515	1.7903340900000018	0.01648844640746663	8951.670450000009	82.44223203733316	
0.516	1.791295398	0.016659142502589885	8956.47699	83.29571251294941	
0.517	1.7929672380000021	0.017204130302208145	8964.83619000001	86.02065151104073	
0.518	1.7930493720000016	0.016652890497376612	8965.246860000008	83.26445248688306	
0.519	1.794349908000001	0.016473019402876217	8971.749540000004	82.36509701438108	
0.52	1.7952796260000015	0.017071174035786858	8976.398130000007	85.35587017893428	
0.521	1.7973334620000023	0.01678652661161792	8986.667310000012	83.93263305808959	
0.522	1.7981713259999985	0.016161582861765868	8990.856629999993	80.80791430882935	
0.523	1.798016292000001	0.01594901480978484	8990.081460000005	79.74507404892421	
0.524	1.7997974820000007	0.016158331591834448	8998.987410000003	80.79165795917224	
0.525	1.801132038000001	0.016075524718358523	9005.660190000006	80.37762359179261	
0.526	1.8015349320000005	0.01697568820270261	9007.674660000002	84.87844101351305	
0.527	1.802377655999999	0.01688090609160729	9011.888279999996	84.40453045803643	
0.528	1.8033914519999963	0.01665638267222795	9016.957259999981	83.28191336113976	
0.529	1.8041189939999989	0.016708782903609838	9020.594969999995	83.54391451804919	
0.53	1.8063944460000003	0.015872269520805275	9031.972230000001	79.36134760402638	
0.531	1.8066792420000015	0.01665088195950701	9033.396210000008	83.25440979753508	
0.532	1.8072157859999984	0.01650269803269164	9036.078929999992	82.51349016345821	
0.533	1.8092725380000008	0.016677505576870776	9046.362690000004	83.38752788435387	
0.534	1.8101794140000005	0.0157686877192937	9050.897070000003	78.8434385964685	
0.535	1.8099451620000007	0.016704556767952752	9049.725810000004	83.52278383976376	
0.536	1.811581524	0.0169192846502866	9057.90762	84.596423251433	
0.537	1.8117180899999996	0.01666623449696719	9058.590449999998	83.33117248483596	
0.538	1.812713903999999	0.016164286237715035	9063.569519999995	80.82143118857518	
0.539	1.814328395999999	0.016191047541502187	9071.641979999995	80.95523770751093	
0.54	1.8151900739999964	0.015733969986450488	9075.950369999982	78.66984993225245	
0.541	1.8161810280000017	0.01597445846040539	9080.905140000008	79.87229230202695	
0.542	1.8166364099999999	0.016291708607383697	9083.18205	81.45854303691848	
0.543	1.8191388240000008	0.016519703658874268	9095.694120000004	82.59851829437135	
0.544	1.8192506040000005	0.01652741168226848	9096.253020000002	82.6370584113424	
0.545	1.8184496760000017	0.01646141937473874	9092.248380000008	82.30709687369371	
0.546	1.8210769920000005	0.01650548457622301	9105.384960000003	82.52742288111506	
0.547	1.8218473020000012	0.01611896756659049	9109.236510000006	80.59483783295245	
0.548	1.8217044179999973	0.016683363028516647	9108.522089999986	83.41681514258323	
0.549	1.8234564480000008	0.01618837458373433	9117.282240000004	80.94187291867165	
0.55	1.8245134979999973	0.016230279439122298	9122.567489999987	81.1513971956115	
0.551	1.8265862879999983	0.016287842718698403	9132.931439999991	81.439213593492	
0.552	1.8255593699999997	0.015896390454411363	9127.796849999999	79.48195227205682	
0.553	1.827450396	0.0160057989209906	9137.25198	80.028994604953	
0.554	1.8284544720000013	0.016574256706869708	9142.272360000006	82.87128353434854	
0.555	1.8293574599999967	0.016429789778216856	9146.787299999984	82.14894889108429	
0.556	1.8294784739999999	0.016056384702520153	9147.39237	80.28192351260077	
0.557	1.8317412899999985	0.01621854727242546	9158.706449999992	81.0927363621273	
0.558	1.8317835720000002	0.01611208084143125	9158.917860000001	80.56040420715624	
0.559	1.831856958000001	0.015596473685235287	9159.284790000005	77.98236842617644	
0.56	1.833836921999999	0.01680225126969346	9169.184609999995	84.0112563484673	
0.561	1.8347685839999992	0.016395168502304103	9173.842919999996	81.97584251152051	
0.562	1.835044145999999	0.016082703298347687	9175.220729999995	80.41351649173843	
0.5630000000000001	1.8363441960000015	0.016891711518303435	9181.720980000007	84.45855759151718	
0.5640000000000001	1.8371149919999963	0.015995018413741704	9185.574959999982	79.97509206870852	
0.5650000000000001	1.8386483220000003	0.016013780908839596	9193.241610000001	80.06890454419798	
0.5660000000000001	1.8393948179999995	0.01627762543932238	9196.974089999998	81.38812719661192	
0.5670000000000001	1.8386308260000002	0.016797192992453375	9193.15413	83.98596496226688	
0.5680000000000001	1.8386381159999987	0.015723159579503855	9193.190579999993	78.61579789751927	
0.5690000000000001	1.8423181080000013	0.01619795579066493	9211.590540000007	80.98977895332465	
0.5700000000000001	1.8418029480000022	0.01678402583879373	9209.014740000011	83.92012919396865	
0.5710000000000001	1.8428570820000005	0.01648178006652423	9214.285410000002	82.40890033262113	
0.5720000000000001	1.844369028000003	0.01632877548597005	9221.845140000014	81.64387742985024	
0.5730000000000001	1.8443486159999982	0.01621823626232347	9221.743079999991	81.09118131161733	
0.5740000000000001	1.8452603519999986	0.017151777816544166	9226.301759999993	85.75888908272083	
0.5750000000000001	1.8474925500000006	0.016698527000352455	9237.462750000002	83.49263500176228	
0.5760000000000001	1.8481044240000024	0.01664194965033317	9240.522120000012	83.20974825166584	
0.577	1.847895929999999	0.016068632743301437	9239.479649999996	80.34316371650718	
0.578	1.8480601979999984	0.015939891324497666	9240.300989999992	79.69945662248834	
0.579	1.8504484019999996	0.015957548947704864	9252.242009999998	79.78774473852432	
0.58	1.8513392400000022	0.016557046402254246	9256.696200000011	82.78523201127122	
0.581	1.8517377600000011	0.015290369463632979	9258.688800000005	76.4518473181649	
0.582	1.8524288519999998	0.015874379490805165	9262.14426	79.37189745402583	
0.583	1.853388216000002	0.016496882276398298	9266.94108000001	82.48441138199149	
0.584	1.854065700000002	0.016047374850921874	9270.32850000001	80.23687425460938	
0.585	1.8544238819999983	0.015437406014679916	9272.119409999992	77.18703007339958	
0.586	1.856290607999998	0.01642534205032991	9281.45303999999	82.12671025164956	
0.587	1.8562429799999998	0.015582247625795206	9281.214899999999	77.91123812897604	
0.588	1.8569671199999997	0.016190859325236596	9284.835599999999	80.95429662618298	
0.589	1.858194269999998	0.01638325372846006	9290.97134999999	81.9162686423003	
0.59	1.859285339999996	0.016140980461558097	9296.42669999998	80.70490230779048	
0.591	1.8596546999999999	0.01578464480556975	9298.2735	78.92322402784875	
0.592	1.8604099439999995	0.015340241712726172	9302.049719999997	76.70120856363086	
0.593	1.8611836560000004	0.016223658260258813	9305.918280000002	81.11829130129406	
0.594	1.861767827999999	0.016012362861564676	9308.839139999995	80.06181430782337	
0.595	1.8627626700000026	0.017124249655126503	9313.813350000013	85.62124827563251	
0.596	1.863501876	0.01594269679849129	9317.50938	79.71348399245645	
0.597	1.8639995399999985	0.01702781922937873	9319.997699999993	85.13909614689365	
0.598	1.8656237519999992	0.016264468884119636	9328.118759999996	81.32234442059817	
0.599	1.866500982000001	0.01591482399826263	9332.504910000005	79.57411999131315	
0.6	1.8666613619999997	0.015952570123367427	9333.306809999998	79.76285061683713	
0.601	1.8674914499999993	0.016486223026924617	9337.457249999996	82.43111513462307	
0.602	1.8687443579999992	0.016229675777779295	9343.721789999996	81.14837888889647	
0.603	1.869156971999998	0.015440519031665219	9345.78485999999	77.20259515832609	
0.604	1.869666786000002	0.016148079707575265	9348.33393000001	80.74039853787632	
0.605	1.8708744960000003	0.015844127017983142	9354.372480000002	79.22063508991572	
0.606	1.8708769260000009	0.015711233122913188	9354.384630000004	78.55616561456593	
0.607	1.8722503619999984	0.015772765259933215	9361.251809999992	78.86382629966607	
0.608	1.871906274	0.015587124856910719	9359.53137	77.9356242845536	
0.609	1.872717408000001	0.016355877936495365	9363.587040000006	81.77938968247683	
0.61	1.8737793179999982	0.015651251260997524	9368.896589999991	78.25625630498763	
0.611	1.8743134319999966	0.01539745454642996	9371.567159999982	76.98727273214979	
0.612	1.8761232959999994	0.015908919592492268	9380.616479999997	79.54459796246134	
0.613	1.8757762920000012	0.016215651394955934	9378.881460000006	81.07825697477966	
0.614	1.8767487779999978	0.016134430513368523	9383.743889999989	80.6721525668426	
0.615	1.878450749999999	0.016079208275331845	9392.253749999994	80.39604137665921	
0.616	1.8785396879999967	0.01582890238666775	9392.698439999984	79.14451193333873	
0.617	1.8796968539999999	0.01594920113368329	9398.484269999999	79.74600566841644	
0.618	1.8804904919999987	0.016693872321242205	9402.452459999993	83.46936160621102	
0.619	1.881280241999998	0.016234991242665846	9406.40120999999	81.17495621332924	
0.62	1.8816515460000005	0.01582389042144456	9408.257730000003	79.11945210722281	
0.621	1.881955782	0.01604266367747189	9409.778909999999	80.21331838735945	
0.622	1.8827980199999976	0.015645208102661994	9413.990099999988	78.22604051330998	
0.623	1.8834599519999982	0.01631650005404639	9417.29975999999	81.58250027023195	
0.624	1.8849082320000006	0.01607295579096069	9424.541160000002	80.36477895480344	
0.625	1.8852411420000015	0.015423220459678215	9426.205710000007	77.11610229839107	
0.626	1.8854024940000003	0.015370198219930813	9427.012470000001	76.85099109965407	
0.627	1.885784004000001	0.015911139771367246	9428.920020000005	79.55569885683623	
0.628	1.8875243700000024	0.015914737503179253	9437.621850000012	79.57368751589627	
0.629	1.8881654040000009	0.016321100048856504	9440.827020000004	81.60550024428251	
0.63	1.8881629739999986	0.015423691581956792	9440.814869999993	77.11845790978396	
0.631	1.8907504379999989	0.016234608028657668	9453.752189999994	81.17304014328832	
0.632	1.8901560599999998	0.015471540358102689	9450.780299999999	77.35770179051343	
0.633	1.8903300479999987	0.015455284280714346	9451.650239999994	77.27642140357173	
0.634	1.891139237999999	0.015237992809794728	9455.696189999995	76.18996404897365	
0.635	1.8929354940000018	0.01572550583008268	9464.67747000001	78.6275291504134	
0.636	1.8929019600000014	0.015506845798885083	9464.509800000007	77.53422899442542	
0.637	1.8928732860000026	0.015496705763426096	9464.366430000013	77.48352881713048	
0.638	1.8949669740000015	0.015472694606154554	9474.834870000008	77.36347303077277	
0.639	1.8949251779999998	0.015628980740928562	9474.62589	78.1449037046428	
0.64	1.8962830619999993	0.015500409905165618	9481.415309999997	77.50204952582808	
0.641	1.8964798919999983	0.015503039807351847	9482.399459999991	77.51519903675923	
0.642	1.8972025739999987	0.016312062175044717	9486.012869999993	81.56031087522358	
0.643	1.8977969519999973	0.01612443250268658	9488.984759999987	80.6221625134329	
0.644	1.8986780699999959	0.016202717949748428	9493.39034999998	81.01358974874213	
0.645	1.8986610600000005	0.01584340544972577	9493.305300000002	79.21702724862884	
0.646	1.899848844	0.015458576614412587	9499.24422	77.29288307206293	
0.647	1.9004509979999984	0.0157545620171427	9502.254989999992	78.7728100857135	
0.648	1.9009185300000015	0.015725934012423573	9504.592650000008	78.62967006211787	
0.649	1.9022696100000012	0.01522301249148474	9511.348050000006	76.1150624574237	
0.65	1.9024678980000012	0.016125097340034755	9512.339490000006	80.62548670017378	
0.651	1.9033708859999998	0.015866543153535508	9516.85443	79.33271576767754	
0.652	1.9037008799999997	0.015863903579434676	9518.504399999998	79.31951789717337	
0.653	1.9037110860000004	0.015842621999170598	9518.555430000002	79.21310999585299	
0.654	1.9058300460000024	0.014810123206843462	9529.150230000012	74.05061603421731	
0.655	1.9055899619999992	0.015690078607915135	9527.949809999996	78.45039303957569	
0.656	1.9057843620000008	0.01623579226748592	9528.921810000003	81.17896133742961	
0.657	1.9075004279999996	0.015626268721637155	9537.502139999999	78.13134360818579	
0.658	1.9079990640000004	0.015784485621391158	9539.995320000002	78.92242810695579	
0.659	1.908638153999998	0.015806120841885377	9543.19076999999	79.03060420942688	
0.66	1.9090230660000012	0.016157537895225366	9545.115330000006	80.78768947612683	
0.661	1.9099085580000006	0.015414242128519861	9549.542790000003	77.07121064259931	
0.662	1.9111643820000002	0.014899717195506638	9555.82191	74.4985859775332	
0.663	1.9105884719999995	0.015649264115645066	9552.942359999997	78.24632057822532	
0.664	1.9114336259999989	0.015397020903282682	9557.168129999995	76.98510451641341	
0.665	1.9122316379999986	0.015073839108102364	9561.158189999993	75.36919554051183	
0.666	1.9118195100000026	0.01609393072620548	9559.097550000013	80.4696536310274	
0.667	1.9133572139999986	0.01517089615448619	9566.786069999993	75.85448077243095	
0.668	1.914982398	0.016091922735509155	9574.91199	80.45961367754578	
0.669	1.9149250500000001	0.015647104739391897	9574.625250000001	78.23552369695948	
0.67	1.9159130880000015	0.015686351021453496	9579.565440000008	78.43175510726749	
0.671	1.9161278999999978	0.015304289703935948	9580.639499999988	76.52144851967974	
0.672	1.916521560000001	0.015843245186211035	9582.607800000005	79.21622593105518	
0.673	1.9167417180000026	0.015468742758882364	9583.708590000013	77.34371379441181	
0.674	1.9178789580000009	0.015526745395163657	9589.394790000004	77.63372697581828	
0.675	1.917860976000001	0.01610530485322845	9589.304880000005	80.52652426614225	
0.676	1.9198730160000013	0.015725470570756978	9599.365080000007	78.62735285378488	
0.677	1.9195551719999993	0.01572872905464442	9597.775859999996	78.6436452732221	
0.678	1.9204056719999967	0.016063617483880015	9602.028359999984	80.31808741940009	
0.679	1.921097735999999	0.01573388971037688	9605.488679999995	78.6694485518844	
0.68	1.921838886	0.01529748749210157	9609.19443	76.48743746050785	
0.681	1.922261705999999	0.015933668125248622	9611.308529999995	79.66834062624312	
0.682	1.9227982499999992	0.01585177025916981	9613.991249999995	79.25885129584904	
0.683	1.924315542000002	0.015541744988071178	9621.57771000001	77.70872494035589	
0.684	1.9243024199999992	0.015644211667693593	9621.512099999996	78.22105833846797	
0.685	1.9241823779999985	0.015779689344125734	9620.911889999992	78.89844672062867	
0.686	1.9246771260000053	0.015399183743566563	9623.385630000026	76.99591871783281	
0.687	1.9254202199999988	0.014973320853023858	9627.101099999994	74.86660426511929	
0.6880000000000001	1.9262162879999971	0.01567588864737995	9631.081439999985	78.37944323689976	
0.6890000000000001	1.9276572780000003	0.015554823639074695	9638.286390000001	77.77411819537348	
0.6900000000000001	1.928823192000006	0.015981908940897387	9644.11596000003	79.90954470448695	
0.6910000000000001	1.9286438580000014	0.015906866798204973	9643.219290000006	79.53433399102487	
0.6920000000000001	1.929986189999997	0.01551230826588677	9649.930949999985	77.56154132943385	
0.6930000000000001	1.9292955839999963	0.015015012779579779	9646.477919999981	75.07506389789889	
0.6940000000000001	1.9298301840000014	0.01543396792060113	9649.150920000007	77.16983960300566	
0.6950000000000001	1.929962375999998	0.015988399488210958	9649.81187999999	79.9419974410548	
0.6960000000000001	1.9308882060000003	0.015666612047330563	9654.441030000002	78.33306023665281	
0.6970000000000001	1.932826860000004	0.015272977418840105	9664.13430000002	76.36488709420053	
0.6980000000000001	1.9328181120000016	0.015257535860139941	9664.090560000008	76.28767930069971	
0.6990000000000001	1.9334032559999996	0.014775867391339985	9667.016279999998	73.87933695669992	
