5e-06	0.025748765999999982	0.003628849724257539	128.74382999999992	18.144248621287694	
1e-05	0.051207389999999985	0.0049698526102793135	256.03694999999993	24.84926305139657	
1.5000000000000002e-05	0.07555501800000015	0.006049843701094771	377.7750900000008	30.249218505473856	
2e-05	0.10042606800000012	0.006895635383876923	502.1303400000006	34.478176919384616	
2.5e-05	0.12408843599999975	0.007817529036844158	620.4421799999988	39.08764518422079	
3.0000000000000004e-05	0.14801178599999898	0.007747446698764785	740.0589299999949	38.73723349382392	
3.5000000000000004e-05	0.17134901999999896	0.008905545211810258	856.7450999999949	44.5277260590513	
4e-05	0.19336141799999854	0.009323276747221084	966.8070899999926	46.61638373610542	
4.5e-05	0.21613683599999858	0.00948465980355162	1080.684179999993	47.423299017758104	
5e-05	0.2391047099999989	0.010360840386952456	1195.5235499999944	51.80420193476228	
5.5e-05	0.2603429099999999	0.01113493536253832	1301.7145499999997	55.67467681269161	
6.000000000000001e-05	0.28162873800000005	0.010974905663893541	1408.14369	54.8745283194677	
6.500000000000001e-05	0.30192507000000063	0.01177070504035791	1509.6253500000032	58.85352520178955	
7.000000000000001e-05	0.3233323980000013	0.01155342881319666	1616.6619900000064	57.767144065983295	
7.500000000000001e-05	0.3429240300000019	0.012129541372496626	1714.6201500000093	60.647706862483126	
8e-05	0.3634128180000021	0.011970790996708737	1817.0640900000105	59.85395498354369	
8.5e-05	0.38208785400000256	0.012393450532869839	1910.4392700000128	61.967252664349196	
9e-05	0.40138740000000356	0.012370089175426393	2006.9370000000179	61.85044587713197	
9.5e-05	0.420766650000003	0.012837912161620484	2103.833250000015	64.18956080810243	
0.0001	0.43894499400000175	0.013108267445240079	2194.724970000009	65.5413372262004	
0.000105	0.4574718000000006	0.013563214302221112	2287.359000000003	67.81607151110556	
0.00011	0.4749964739999991	0.013832725590978019	2374.9823699999956	69.16362795489009	
0.000115	0.49284725399999735	0.013864917155448792	2464.2362699999867	69.32458577724395	
0.00012000000000000002	0.5102611199999968	0.013927505093503791	2551.3055999999838	69.63752546751896	
0.000125	0.5272127999999952	0.01430952703369237	2636.0639999999757	71.54763516846185	
0.00013000000000000002	0.5441970419999936	0.014191258178407181	2720.985209999968	70.95629089203591	
0.000135	0.5605888499999933	0.014302752727551176	2802.9442499999664	71.51376363775587	
0.00014000000000000001	0.5771429819999925	0.014512554312444357	2885.7149099999624	72.56277156222178	
0.000145	0.5929462439999916	0.01507329673019255	2964.7312199999583	75.36648365096276	
0.00015000000000000001	0.6082046999999897	0.01454963793631895	3041.023499999949	72.74818968159475	
0.000155	0.6236040959999886	0.014945645841339677	3118.020479999943	74.72822920669839	
0.00016	0.6393918059999871	0.015744970127578223	3196.9590299999354	78.72485063789111	
0.00016500000000000003	0.6535975859999876	0.015511813583993707	3267.987929999938	77.55906791996853	
0.00017	0.6686227619999863	0.015152173066571172	3343.113809999931	75.76086533285586	
0.00017500000000000003	0.6834987359999865	0.014931709359958549	3417.4936799999323	74.65854679979275	
0.00018	0.6980612399999849	0.014524005717376023	3490.3061999999245	72.62002858688011	
0.00018500000000000002	0.7117834499999849	0.015634812427319594	3558.9172499999245	78.17406213659797	
0.00019	0.7273232999999819	0.015390366200905297	3636.6164999999096	76.95183100452648	
0.00019500000000000002	0.7393206959999812	0.015795181718092084	3696.6034799999056	78.9759085904604	
0.0002	0.7530744959999806	0.015686892838352385	3765.3724799999027	78.43446419176192	
0.00020500000000000002	0.7657819379999798	0.016317550500002147	3828.909689999899	81.58775250001074	
0.00021	0.7796689019999786	0.015362774036428621	3898.344509999893	76.8138701821431	
0.00021500000000000002	0.7914529439999778	0.015902956607776852	3957.2647199998887	79.51478303888426	
0.00022	0.805289363999977	0.015655804312378455	4026.4468199998846	78.27902156189226	
0.00022500000000000002	0.8172741239999782	0.015985071532421513	4086.370619999891	79.92535766210757	
0.00023	0.8291636279999777	0.015935986658304167	4145.818139999888	79.67993329152084	
0.00023500000000000002	0.8414142299999774	0.01657068991705406	4207.071149999887	82.85344958527031	
0.00024000000000000003	0.8531214839999804	0.0165755411364398	4265.607419999902	82.877705682199	
0.00024500000000000005	0.8647067519999817	0.01588713242654432	4323.533759999908	79.43566213272159	
0.00025	0.8772329159999823	0.01601183748659117	4386.164579999911	80.05918743295585	
0.000255	0.8870574059999835	0.01613140933295122	4435.287029999918	80.65704666475611	
0.00026000000000000003	0.8990100899999864	0.016333510493827214	4495.050449999932	81.66755246913608	
0.00026500000000000004	0.9097536059999868	0.016781325660889596	4548.768029999934	83.90662830444798	
0.00027	0.9207658799999888	0.016657834154345096	4603.829399999944	83.28917077172548	
0.000275	0.931644989999989	0.01716320387899564	4658.224949999945	85.8160193949782	
0.00028000000000000003	0.9415273139999913	0.01728978452050448	4707.636569999957	86.4489226025224	
0.00028500000000000004	0.9534508379999929	0.017241764340746195	4767.254189999964	86.20882170373096	
0.00029	0.9621891179999932	0.017238825093438	4810.945589999966	86.19412546719	
0.000295	0.9730016459999957	0.016231099672380393	4865.0082299999785	81.15549836190198	
0.00030000000000000003	0.9832703399999948	0.01730405644640794	4916.351699999974	86.52028223203969	
0.00030500000000000004	0.9918754559999972	0.01622367573073769	4959.377279999986	81.11837865368844	
0.00031	1.0020100139999977	0.0167071503941238	5010.050069999988	83.535751970619	
0.000315	1.0108736819999993	0.016697511774601128	5054.368409999996	83.48755887300564	
0.00032	1.0214859780000012	0.016422684811552	5107.429890000006	82.11342405776	
0.00032500000000000004	1.030299102000001	0.016615864163794247	5151.495510000005	83.07932081897124	
0.00033000000000000005	1.039729446000003	0.016809001740054404	5198.647230000015	84.04500870027202	
0.000335	1.0482106320000038	0.016785743882731064	5241.053160000019	83.92871941365532	
0.00034	1.0573824240000043	0.017411380842319676	5286.912120000022	87.05690421159838	
0.00034500000000000004	1.0665610200000053	0.016819132961233996	5332.805100000026	84.09566480616996	
0.00035000000000000005	1.075627836000005	0.01671729038562085	5378.139180000026	83.58645192810425	
0.000355	1.0830937680000081	0.017103542569486752	5415.4688400000405	85.51771284743376	
0.00036	1.091553570000009	0.016700978100553467	5457.767850000045	83.50489050276734	
0.00036500000000000004	1.099484118000008	0.01709036832576015	5497.42059000004	85.45184162880075	
0.00037000000000000005	1.1084046480000103	0.017288515208547194	5542.023240000051	86.44257604273598	
0.000375	1.1163181860000115	0.017058257989650452	5581.590930000058	85.29128994825227	
0.00038	1.124040240000012	0.017291866340637473	5620.2012000000595	86.45933170318736	
0.00038500000000000003	1.1322196200000134	0.016822924222847445	5661.0981000000675	84.11462111423724	
0.00039000000000000005	1.139048892000014	0.016865745577246318	5695.24446000007	84.3287278862316	
0.000395	1.1476326240000152	0.01785511711243311	5738.163120000076	89.27558556216555	
0.0004	1.1542101480000184	0.016883623744035618	5771.050740000092	84.41811872017809	
0.00040500000000000003	1.1609602020000185	0.016831869975592852	5804.801010000092	84.15934987796425	
0.00041000000000000005	1.1696357880000179	0.017789186971504094	5848.178940000089	88.94593485752047	
0.00041500000000000006	1.1774637900000184	0.01615404180977511	5887.318950000093	80.77020904887556	
0.00042	1.1836991700000195	0.017159688763936566	5918.495850000098	85.79844381968283	
0.00042500000000000003	1.1907588060000205	0.017985561626661577	5953.794030000103	89.92780813330789	
0.00043000000000000004	1.1978378820000215	0.01733916300304453	5989.189410000107	86.69581501522265	
0.00043500000000000006	1.2045058020000206	0.016735904855993397	6022.529010000103	83.67952427996698	
0.00044	1.2111897600000205	0.01717186214661856	6055.948800000103	85.85931073309281	
0.00044500000000000003	1.2174329160000248	0.017207200202967798	6087.164580000124	86.03600101483899	
0.00045000000000000004	1.2245751720000229	0.01709512302764991	6122.875860000115	85.47561513824955	
0.00045500000000000006	1.2296582460000258	0.017294848463503674	6148.291230000129	86.47424231751837	
0.00046	1.2361424580000269	0.01735108479013081	6180.712290000134	86.75542395065405	
0.000465	1.242898344000027	0.01699138840406318	6214.491720000135	84.95694202031589	
0.00047000000000000004	1.249750944000026	0.017141117232809946	6248.75472000013	85.70558616404972	
0.00047500000000000005	1.256152536000027	0.01683012473372588	6280.762680000134	84.1506236686294	
0.00048000000000000007	1.2618698400000274	0.01678675517944033	6309.349200000137	83.93377589720166	
0.000485	1.2679939260000306	0.01780569840243846	6339.969630000152	89.02849201219229	
0.0004900000000000001	1.2736840140000285	0.016748832063038625	6368.420070000142	83.74416031519313	
0.000495	1.2794649840000312	0.017021072086558266	6397.3249200001555	85.10536043279133	
0.0005	1.2852692820000318	0.016923818213646254	6426.346410000158	84.61909106823127	
0.000505	1.2916699020000328	0.017222525878002527	6458.349510000164	86.11262939001263	
0.00051	1.2968015760000315	0.016871048436309207	6484.0078800001575	84.35524218154603	
0.000515	1.3019322780000353	0.017925844144106362	6509.661390000177	89.6292207205318	
0.0005200000000000001	1.3081686300000357	0.016168263711579	6540.843150000179	80.84131855789501	
0.0005250000000000001	1.3128249960000362	0.017499200584256917	6564.124980000181	87.49600292128459	
0.0005300000000000001	1.3197232800000374	0.017456519254698856	6598.616400000187	87.28259627349428	
0.000535	1.3242216960000353	0.017201930723138477	6621.108480000176	86.00965361569237	
0.00054	1.3288338360000367	0.01711501925085608	6644.169180000184	85.57509625428041	
0.000545	1.335135798000037	0.01761064272044804	6675.678990000185	88.0532136022402	
0.00055	1.3399136640000375	0.017286613679005386	6699.568320000188	86.43306839502692	
0.000555	1.3441326300000405	0.016905899452178488	6720.663150000202	84.52949726089244	
0.0005600000000000001	1.349657964000038	0.017527632441570015	6748.289820000189	87.63816220785006	
0.0005650000000000001	1.3545966960000397	0.017370011934240495	6772.983480000199	86.85005967120249	
0.0005700000000000001	1.3598367480000413	0.016941179788921564	6799.183740000207	84.70589894460782	
0.0005750000000000001	1.3637592540000423	0.016846452915422663	6818.796270000212	84.23226457711331	
0.00058	1.3688136540000417	0.017414797243389228	6844.068270000209	87.07398621694614	
0.000585	1.3730535180000418	0.016992061522126876	6865.26759000021	84.96030761063439	
0.00059	1.3782148380000434	0.017345020066342615	6891.074190000217	86.72510033171307	
0.000595	1.3823244540000446	0.017003830006617714	6911.622270000223	85.01915003308856	
0.0006000000000000001	1.3871669580000432	0.017287457838511364	6935.834790000215	86.4372891925568	
0.0006050000000000001	1.3921596360000448	0.017066125967529166	6960.798180000224	85.33062983764584	
0.0006100000000000001	1.3962075300000458	0.016187623149775968	6981.037650000229	80.93811574887985	
0.0006150000000000001	1.4007880800000443	0.017740355422191382	7003.940400000221	88.70177711095691	
0.00062	1.4052213720000464	0.01691695001463574	7026.106860000232	84.5847500731787	
0.000625	1.4100279120000458	0.0163466353656133	7050.13956000023	81.73317682806649	
0.00063	1.4132087820000483	0.016293315304398297	7066.043910000241	81.46657652199148	
0.000635	1.4174481600000466	0.01690894787165862	7087.240800000232	84.5447393582931	
0.00064	1.4221575000000477	0.016882757930328438	7110.787500000239	84.41378965164219	
0.0006450000000000001	1.425747096000049	0.01614005563902573	7128.735480000244	80.70027819512863	
0.0006500000000000001	1.4308457220000483	0.017041109370894432	7154.228610000242	85.20554685447216	
0.0006550000000000001	1.434433374000051	0.01686898872405194	7172.166870000255	84.34494362025971	
0.0006600000000000001	1.4384059380000516	0.01644850117354833	7192.029690000258	82.24250586774164	
0.000665	1.4422205520000495	0.01727105452991702	7211.102760000248	86.3552726495851	
0.00067	1.445421834000051	0.017207947427410254	7227.109170000255	86.03973713705126	
0.000675	1.4490794700000496	0.017005646097786747	7245.397350000248	85.02823048893373	
0.00068	1.4535234540000528	0.01674593013534783	7267.617270000264	83.72965067673915	
0.0006850000000000001	1.4568311700000511	0.016718562293545666	7284.155850000256	83.59281146772832	
0.0006900000000000001	1.4604572160000535	0.01630107222244624	7302.286080000267	81.50536111223118	
0.0006950000000000001	1.4636395440000531	0.01690888350377198	7318.197720000266	84.5444175188599	
0.0007000000000000001	1.4682657780000514	0.01692116237670405	7341.328890000257	84.60581188352026	
0.000705	1.4714476200000546	0.016287781551815574	7357.238100000273	81.43890775907788	
0.00071	1.475497944000053	0.016194479602782162	7377.489720000265	80.9723980139108	
0.000715	1.479247920000056	0.017098220450142462	7396.239600000279	85.49110225071232	
0.00072	1.482124068000057	0.01647192276898606	7410.620340000285	82.35961384493031	
0.0007250000000000001	1.485408942000056	0.017277511152382664	7427.04471000028	86.38755576191332	
0.0007300000000000001	1.4895642420000559	0.01708972677000734	7447.821210000279	85.4486338500367	
0.0007350000000000001	1.4932476360000562	0.016423991053686325	7466.23818000028	82.11995526843162	
0.0007400000000000001	1.4953952700000608	0.016616424399465937	7476.976350000304	83.08212199732968	
0.0007450000000000001	1.4994047700000548	0.016404879247442352	7497.023850000274	82.02439623721176	
0.00075	1.5023066760000587	0.016985212908382792	7511.533380000294	84.92606454191396	
0.000755	1.505385972000059	0.017039966718725846	7526.929860000296	85.19983359362924	
0.00076	1.5099456240000606	0.01606794604828775	7549.728120000303	80.33973024143873	
0.0007650000000000001	1.5126832620000594	0.017062723654663884	7563.416310000297	85.31361827331942	
0.0007700000000000001	1.515464640000058	0.016283106347330146	7577.32320000029	81.41553173665073	
0.0007750000000000001	1.5172361100000609	0.0171919281722549	7586.180550000304	85.9596408612745	
0.0007800000000000001	1.5218278380000587	0.01651806766961019	7609.139190000294	82.59033834805095	
0.0007850000000000001	1.5251452740000593	0.01574761284579296	7625.726370000297	78.73806422896482	
0.00079	1.5272136900000604	0.016788615004578778	7636.068450000302	83.94307502289388	
0.000795	1.5302356380000626	0.01610638250610663	7651.1781900003125	80.53191253053315	
0.0008	1.5324420780000632	0.015956151030808673	7662.210390000316	79.78075515404338	
0.000805	1.5363004320000606	0.016552145847032677	7681.502160000303	82.76072923516338	
0.0008100000000000001	1.538798472000061	0.016249855301302817	7693.992360000305	81.24927650651408	
0.0008150000000000001	1.542835188000064	0.017064930920596355	7714.175940000319	85.32465460298178	
0.0008200000000000001	1.5461492220000612	0.01680939653356966	7730.746110000306	84.0469826678483	
0.0008250000000000001	1.5478040520000655	0.01646714364415885	7739.020260000328	82.33571822079426	
0.0008300000000000001	1.5501514320000638	0.017055051249335065	7750.757160000319	85.27525624667533	
0.000835	1.5533162640000626	0.01654161971278415	7766.581320000313	82.70809856392077	
0.00084	1.5563250900000634	0.016463624090216726	7781.625450000317	82.31812045108364	
0.000845	1.5589878840000646	0.01713798610696758	7794.939420000323	85.68993053483791	
0.0008500000000000001	1.5611773140000664	0.016755836589722142	7805.8865700003325	83.77918294861071	
0.0008550000000000001	1.5638644080000645	0.015772346742625065	7819.322040000323	78.86173371312533	
0.0008600000000000001	1.565995518000066	0.01734168699647612	7829.97759000033	86.7084349823806	
0.0008650000000000001	1.5695054100000654	0.01640394911598927	7847.527050000327	82.01974557994636	
0.0008700000000000001	1.5722109720000663	0.01655009471994892	7861.054860000332	82.75047359974461	
0.000875	1.5747566400000663	0.016748016940953576	7873.783200000332	83.7400847047679	
0.00088	1.5774388740000675	0.016278046875967258	7887.194370000338	81.39023437983629	
0.000885	1.5791141160000666	0.016530399409409573	7895.570580000333	82.65199704704789	
0.0008900000000000001	1.5817113000000664	0.016599724679104356	7908.556500000333	82.99862339552179	
0.0008950000000000001	1.5850180440000692	0.015880474335174127	7925.090220000346	79.40237167587064	
0.0009000000000000001	1.5861771540000675	0.015699958105432756	7930.885770000338	78.49979052716378	
0.0009050000000000001	1.5895694340000681	0.015969386425398607	7947.847170000341	79.84693212699304	
0.0009100000000000001	1.5910901280000664	0.0163738217806253	7955.450640000332	81.8691089031265	
0.0009150000000000001	1.594668546000067	0.016337701454548242	7973.342730000335	81.68850727274122	
0.00092	1.5962689440000675	0.016550965177805476	7981.3447200003375	82.75482588902739	
0.000925	1.599078024000069	0.016518248075128604	7995.390120000346	82.59124037564303	
0.00093	1.6013544480000705	0.016224140089119037	8006.772240000353	81.12070044559518	
0.0009350000000000001	1.6030350360000682	0.016202138838769628	8015.175180000341	81.01069419384814	
0.0009400000000000001	1.6059087540000712	0.016368852857898995	8029.543770000356	81.84426428949496	
0.0009450000000000001	1.6081278300000676	0.01573960334567423	8040.639150000338	78.69801672837114	
0.0009500000000000001	1.61122608000007	0.016247333992555926	8056.13040000035	81.23666996277963	
0.0009550000000000001	1.6117198560000698	0.016185729173667993	8058.59928000035	80.92864586833997	
0.0009600000000000001	1.6141678380000708	0.01640170517994457	8070.8391900003535	82.00852589972284	
0.000965	1.6167844620000689	0.016747146140361456	8083.922310000345	83.73573070180728	
0.00097	1.6189714620000715	0.015927087650245936	8094.857310000358	79.63543825122969	
0.0009750000000000001	1.6213713300000736	0.016512109984710185	8106.856650000368	82.56054992355092	
0.0009800000000000002	1.6229503440000717	0.016488604045513652	8114.751720000359	82.44302022756825	
0.000985	1.6239505320000716	0.015796708803198098	8119.7526600003575	78.98354401599049	
0.00099	1.626979770000074	0.01564362944099477	8134.898850000371	78.21814720497386	
0.000995	1.6289670240000729	0.015789895008627607	8144.835120000364	78.94947504313804	
0.001	1.631017458000073	0.01620546570235793	8155.087290000365	81.02732851178966	
0.001005	1.6329075120000736	0.016100046273036548	8164.537560000368	80.50023136518274	
0.00101	1.634545332000072	0.01563731230185786	8172.72666000036	78.18656150928929	
0.001015	1.6374175920000764	0.01573737053111464	8187.087960000382	78.68685265557319	
0.00102	1.638860040000073	0.016407437736784616	8194.300200000365	82.03718868392308	
0.001025	1.6411316040000743	0.01584131447232976	8205.658020000372	79.20657236164881	
0.00103	1.6433681760000742	0.015642262729192436	8216.84088000037	78.21131364596218	
0.0010350000000000001	1.6449233760000768	0.015699308664099906	8224.616880000383	78.49654332049953	
0.0010400000000000001	1.6467959340000755	0.015057006621493457	8233.979670000377	75.28503310746729	
0.0010450000000000001	1.6491063780000765	0.01674176021609384	8245.531890000382	83.70880108046919	
0.0010500000000000002	1.6504399620000778	0.016070249103315653	8252.19981000039	80.35124551657826	
0.0010550000000000002	1.652530248000073	0.01663815996613094	8262.651240000365	83.1907998306547	
0.0010600000000000002	1.654432452000076	0.015934122591337033	8272.16226000038	79.67061295668516	
0.0010650000000000002	1.6568692560000753	0.016006287219418654	8284.346280000376	80.03143609709326	
0.00107	1.6580589840000783	0.015694739737370716	8290.294920000391	78.47369868685357	
0.001075	1.659428532000077	0.016620450775747374	8297.142660000385	83.10225387873687	
0.00108	1.661107176000076	0.016196601285241505	8305.53588000038	80.98300642620752	
0.001085	1.6643288700000765	0.016253630246045453	8321.644350000382	81.26815123022726	
0.00109	1.6659312120000762	0.016097645263923467	8329.656060000381	80.48822631961734	
0.001095	1.6671554460000753	0.01615640230450909	8335.777230000376	80.78201152254545	
0.0011	1.6687461240000758	0.01582093890717881	8343.730620000379	79.10469453589405	
0.001105	1.6702123860000782	0.01620004438065114	8351.061930000391	81.0002219032557	
0.00111	1.672261362000077	0.015550597454664373	8361.306810000386	77.75298727332188	
0.001115	1.6730127180000778	0.01585329043323611	8365.063590000389	79.26645216618054	
0.0011200000000000001	1.6758363780000776	0.015516140998237074	8379.181890000387	77.58070499118537	
0.0011250000000000001	1.6768171260000786	0.015897199804248037	8384.085630000392	79.48599902124019	
0.0011300000000000001	1.678750434000078	0.015786571550520514	8393.75217000039	78.93285775260257	
0.0011350000000000002	1.6805155860000782	0.015872456425665964	8402.57793000039	79.36228212832981	
0.0011400000000000002	1.6823827980000798	0.015925284537466097	8411.9139900004	79.62642268733049	
0.0011450000000000002	1.6828201980000783	0.015824143215379984	8414.100990000392	79.12071607689992	
0.0011500000000000002	1.685225412000078	0.015420422625800918	8426.12706000039	77.1021131290046	
0.001155	1.6862814900000798	0.015154831130433444	8431.407450000399	75.77415565216722	
0.00116	1.6886322720000797	0.01692760601709776	8443.161360000398	84.6380300854888	
0.001165	1.6904212380000816	0.016011341443096436	8452.106190000408	80.05670721548218	
0.00117	1.690947576000078	0.015926244055278226	8454.73788000039	79.63122027639113	
0.001175	1.6917266340000805	0.016723657855687874	8458.633170000403	83.61828927843938	
0.00118	1.6943719320000812	0.015991223917494173	8471.859660000406	79.95611958747087	
0.001185	1.696099662000081	0.016142474534030345	8480.498310000405	80.71237267015172	
0.00119	1.6976213280000805	0.015862966266007025	8488.106640000402	79.31483133003512	
0.001195	1.6988300100000815	0.01580860793276752	8494.150050000408	79.0430396638376	
0.0012000000000000001	1.6993821060000849	0.01590253163973663	8496.910530000425	79.51265819868314	
0.0012050000000000001	1.701929718000081	0.01590440796347152	8509.648590000405	79.52203981735761	
0.0012100000000000001	1.703358558000083	0.015574714475093728	8516.792790000414	77.87357237546864	
0.0012150000000000002	1.7049920040000848	0.015038603916322765	8524.960020000424	75.19301958161383	
0.0012200000000000002	1.7067940920000815	0.01604140102084594	8533.970460000408	80.20700510422971	
0.0012250000000000002	1.7079308460000842	0.01540915005184715	8539.65423000042	77.04575025923575	
0.0012300000000000002	1.708755588000081	0.015912386914297826	8543.777940000406	79.56193457148912	
0.0012350000000000002	1.7097781320000809	0.01554036320600759	8548.890660000405	77.70181603003795	
0.00124	1.7117969760000828	0.015276730643939479	8558.984880000415	76.3836532196974	
0.001245	1.713609270000081	0.016150328989316665	8568.046350000404	80.75164494658333	
0.00125	1.7139902940000826	0.015523691762387635	8569.951470000413	77.61845881193817	
0.001255	1.7161709760000827	0.015525500629592633	8580.854880000414	77.62750314796317	
0.00126	1.7169908580000828	0.015681222039238368	8584.954290000414	78.40611019619185	
0.001265	1.7177115960000833	0.01556894763986448	8588.557980000416	77.84473819932239	
0.00127	1.7198704080000855	0.015726620697454226	8599.352040000427	78.63310348727113	
0.001275	1.7226211680000827	0.015278002364309033	8613.105840000413	76.39001182154516	
0.00128	1.7226464400000838	0.01645130028534114	8613.232200000419	82.25650142670571	
0.0012850000000000001	1.7242798860000847	0.015154592857053544	8621.399430000423	75.77296428526772	
0.0012900000000000001	1.7251250400000835	0.015181308264258907	8625.625200000417	75.90654132129454	
0.0012950000000000001	1.726447932000086	0.015538256499473622	8632.23966000043	77.69128249736812	
0.0013000000000000002	1.726590816000086	0.015257549235385075	8632.95408000043	76.28774617692538	
0.0013050000000000002	1.7293435200000828	0.016164155428653303	8646.717600000415	80.82077714326653	
0.0013100000000000002	1.730563380000085	0.01537794239134925	8652.816900000425	76.88971195674625	
0.0013150000000000002	1.7312860620000847	0.015433086765006305	8656.430310000424	77.16543382503153	
0.0013200000000000002	1.732702752000085	0.015702645529800222	8663.513760000425	78.51322764900111	
0.001325	1.733891994000086	0.015424157422044837	8669.459970000431	77.12078711022419	
0.00133	1.7354160900000837	0.01585534890527358	8677.080450000418	79.27674452636789	
0.001335	1.7363978100000863	0.01465495729587606	8681.989050000431	73.2747864793803	
0.00134	1.7376322500000876	0.015841769008464943	8688.161250000438	79.20884504232473	
0.001345	1.7390226960000865	0.01523377294420653	8695.113480000433	76.16886472103265	
0.00135	1.7396102700000877	0.0154635163132826	8698.051350000438	77.317581566413	
0.001355	1.7418385800000873	0.015998637978767483	8709.192900000437	79.99318989383742	
0.00136	1.7422307820000853	0.015277141031768103	8711.153910000427	76.38570515884052	
0.0013650000000000001	1.7432834580000864	0.015666132851929183	8716.417290000432	78.33066425964591	
0.0013700000000000001	1.745538984000087	0.01565847399588487	8727.694920000435	78.29236997942435	
0.0013750000000000001	1.7458675200000886	0.016093246989270442	8729.337600000443	80.4662349463522	
0.0013800000000000002	1.7465906880000865	0.015388153280192966	8732.953440000432	76.94076640096483	
0.0013850000000000002	1.7482066380000862	0.015823172677216626	8741.033190000431	79.11586338608313	
0.0013900000000000002	1.748830176000088	0.015143942046147663	8744.15088000044	75.71971023073831	
0.0013950000000000002	1.7507595960000857	0.015384283779651257	8753.797980000429	76.92141889825629	
0.0014000000000000002	1.7513432820000894	0.015678004693217014	8756.716410000447	78.39002346608507	
0.0014050000000000002	1.7522380080000906	0.015499063603198561	8761.190040000452	77.49531801599281	
0.00141	1.754411886000089	0.014883944985891923	8772.059430000445	74.4197249294596	
0.001415	1.7547603480000875	0.015430267146843332	8773.801740000437	77.15133573421666	
0.00142	1.7556045300000864	0.01564798476415282	8778.022650000432	78.2399238207641	
0.001425	1.757105784000089	0.0152294508442491	8785.528920000444	76.14725422124549	
0.00143	1.7571650760000863	0.015052022144624897	8785.825380000431	75.26011072312448	
0.001435	1.7593443000000877	0.015298948843304768	8796.721500000438	76.49474421652383	
0.00144	1.7606521260000894	0.014363350913354916	8803.260630000446	71.81675456677458	
0.001445	1.7618413680000897	0.015537585363776245	8809.206840000448	77.68792681888122	
0.0014500000000000001	1.7623278540000913	0.014973117195518693	8811.639270000456	74.86558597759345	
0.0014550000000000001	1.7636254740000916	0.015509501367335468	8818.127370000459	77.54750683667734	
0.0014600000000000001	1.7645216580000902	0.015180191064116777	8822.608290000451	75.90095532058389	
0.0014650000000000002	1.7652521160000887	0.01525061157575656	8826.260580000444	76.25305787878281	
0.0014700000000000002	1.7658202500000888	0.015584697537442243	8829.101250000444	77.9234876872112	
0.0014750000000000002	1.7671912560000913	0.015263089664629496	8835.956280000457	76.31544832314748	
0.0014800000000000002	1.7683440480000885	0.015296801755064756	8841.720240000443	76.48400877532377	
0.0014850000000000002	1.7699561100000882	0.015371065025168438	8849.780550000442	76.8553251258422	
0.0014900000000000002	1.771036002000087	0.015600248372768105	8855.180010000435	78.00124186384052	
0.001495	1.7721581760000906	0.015361359457322778	8860.790880000453	76.8067972866139	
