5e-06	0.026941653000000024	0.0025328522962444933	269.41653000000025	25.328522962444936	
1e-05	0.05334141600000007	0.003603894455022788	533.4141600000007	36.03894455022788	
1.5000000000000002e-05	0.07927850699999998	0.004141114991635841	792.7850699999998	41.411149916358404	
2e-05	0.10489094999999996	0.0049774532953609915	1048.9094999999995	49.77453295360991	
2.5e-05	0.1302122789999998	0.005711427414329896	1302.1227899999978	57.11427414329896	
3.0000000000000004e-05	0.15497543700000024	0.006330739604345682	1549.7543700000024	63.30739604345682	
3.5000000000000004e-05	0.17911943100000025	0.006575192549061888	1791.1943100000026	65.75192549061889	
4e-05	0.20313682199999963	0.006737000839714655	2031.3682199999964	67.37000839714656	
4.5e-05	0.22641379200000028	0.007003723994899859	2264.137920000003	70.03723994899859	
5e-05	0.2500088489999999	0.007315455777338755	2500.088489999999	73.15455777338755	
5.5e-05	0.2725072470000001	0.007660487642832601	2725.0724700000014	76.60487642832601	
6.000000000000001e-05	0.2949363900000002	0.008059460883824683	2949.363900000002	80.59460883824681	
6.500000000000001e-05	0.31727343599999985	0.008149043661798864	3172.7343599999986	81.49043661798864	
7.000000000000001e-05	0.3390226650000003	0.008796475730130508	3390.226650000003	87.96475730130508	
7.500000000000001e-05	0.35984970899999974	0.008439303697125661	3598.4970899999976	84.39303697125662	
8e-05	0.38131049700000047	0.009458554421474299	3813.104970000005	94.585544214743	
8.5e-05	0.4016595599999998	0.009349753336339951	4016.595599999998	93.49753336339951	
9e-05	0.42220764	0.009584930392986689	4222.0764	95.84930392986689	
9.5e-05	0.44204713199999995	0.009848105655128597	4420.47132	98.48105655128597	
0.0001	0.4619478599999999	0.009683724092537958	4619.478599999999	96.83724092537958	
0.000105	0.48122043300000006	0.010089778566426065	4812.2043300000005	100.89778566426065	
0.00011	0.5000696999999996	0.010499478581910617	5000.6969999999965	104.99478581910618	
0.000115	0.5189855489999997	0.00997804560400478	5189.855489999997	99.7804560400478	
0.00012000000000000002	0.5371257419999992	0.010104467023917492	5371.257419999992	101.04467023917492	
0.000125	0.5557417290000002	0.010224373328549727	5557.417290000002	102.24373328549729	
0.00013000000000000002	0.5737844790000003	0.010777040386839002	5737.844790000003	107.77040386839002	
0.000135	0.5914892159999998	0.010282252784256185	5914.8921599999985	102.82252784256184	
0.00014000000000000001	0.6085198710000005	0.010491388699612605	6085.198710000005	104.91388699612604	
0.000145	0.6258421260000004	0.010555506254184305	6258.421260000005	105.55506254184304	
0.00015000000000000001	0.6426924749999993	0.0109390556604021	6426.924749999993	109.390556604021	
0.000155	0.6585863759999997	0.011146439867716679	6585.863759999997	111.46439867716678	
0.00016	0.6751186380000005	0.011081320210288844	6751.186380000005	110.81320210288844	
0.00016500000000000003	0.6918431130000003	0.010997796430750623	6918.431130000004	109.97796430750623	
0.00017	0.7067263769999996	0.01101467316123684	7067.263769999996	110.1467316123684	
0.00017500000000000003	0.7226433629999995	0.011489824581046956	7226.433629999995	114.89824581046955	
0.00018	0.7376029289999997	0.01114586351737537	7376.029289999997	111.4586351737537	
0.00018500000000000002	0.7527654000000008	0.011681113882417207	7527.654000000008	116.81113882417208	
0.00019	0.7679864340000004	0.011739350260880884	7679.864340000005	117.39350260880884	
0.00019500000000000002	0.7826228099999989	0.011380256103792204	7826.228099999989	113.80256103792205	
0.0002	0.7968951719999994	0.01178791167605256	7968.951719999994	117.87911676052559	
0.00020500000000000002	0.8119028519999991	0.012085323762154477	8119.028519999992	120.85323762154476	
0.00021	0.8245104210000002	0.011730591350215851	8245.104210000001	117.3059135021585	
0.00021500000000000002	0.8392918679999993	0.011426351529538043	8392.918679999993	114.26351529538043	
0.00022	0.8527227209999996	0.011699458000657947	8527.227209999995	116.99458000657947	
0.00022500000000000002	0.8661803040000002	0.011921787078185205	8661.803040000003	119.21787078185204	
0.00023	0.8789382899999995	0.011912947303497142	8789.382899999995	119.12947303497143	
0.00023500000000000002	0.8921978280000021	0.012109762517341784	8921.978280000021	121.09762517341782	
0.00024000000000000003	0.9050019839999995	0.011718363671167744	9050.019839999995	117.18363671167744	
0.00024500000000000005	0.9178819560000003	0.011995762711477061	9178.819560000004	119.95762711477062	
0.00025	0.9299422890000011	0.011962890422029242	9299.42289000001	119.62890422029241	
0.000255	0.9434649960000002	0.012100474847045621	9434.649960000002	121.0047484704562	
0.00026000000000000003	0.9546806609999988	0.011904337788641547	9546.806609999989	119.04337788641548	
0.00026500000000000004	0.9667266569999985	0.011959431078832768	9667.266569999985	119.59431078832769	
0.00027	0.9781301609999995	0.012283907108614878	9781.301609999995	122.83907108614878	
0.000275	0.9897671879999996	0.012487893991328387	9897.671879999996	124.87893991328387	
0.00028000000000000003	1.0013254829999998	0.012283156632792357	10013.254829999998	122.83156632792357	
0.00028500000000000004	1.0124991090000002	0.012874298309077641	10124.991090000001	128.74298309077642	
0.00029	1.0237485509999977	0.012440791123051576	10237.485509999977	124.40791123051575	
0.000295	1.0347416279999986	0.012559634501832284	10347.416279999987	125.59634501832284	
0.00030000000000000003	1.0459152540000003	0.012557398114079374	10459.152540000003	125.57398114079372	
0.00030500000000000004	1.0561781159999988	0.013332611393142166	10561.781159999988	133.32611393142165	
0.00031	1.0666358639999993	0.01248159581974614	10666.358639999993	124.8159581974614	
0.000315	1.0771186409999987	0.012627717600347222	10771.186409999988	126.27717600347222	
0.00032	1.0868714459999993	0.01299421390069765	10868.714459999992	129.94213900697648	
0.00032500000000000004	1.0980375389999992	0.012663005058929677	10980.375389999992	126.63005058929676	
0.00033000000000000005	1.1071660770000014	0.012766383484177147	11071.660770000013	127.66383484177148	
0.000335	1.116611729999999	0.01192670611866915	11166.117299999989	119.26706118669149	
0.00034	1.1265555329999999	0.012694172168712343	11265.55533	126.94172168712343	
0.00034500000000000004	1.1358765269999984	0.012177538790710993	11358.765269999984	121.77538790710993	
0.00035000000000000005	1.14584463	0.01284910817602142	11458.4463	128.49108176021417	
0.000355	1.1547950490000007	0.012269931108551456	11547.950490000008	122.69931108551457	
0.00036	1.1636924940000004	0.012779826826290086	11636.924940000004	127.79826826290086	
0.00036500000000000004	1.1727991619999991	0.012960829209960138	11727.991619999992	129.60829209960139	
0.00037000000000000005	1.1813957730000013	0.012688569028439373	11813.957730000013	126.88569028439373	
0.000375	1.1902591980000008	0.01245693325826209	11902.591980000008	124.5693325826209	
0.00038	1.2001903650000003	0.01319844377757374	12001.903650000004	131.9844377757374	
0.00038500000000000003	1.2080526299999987	0.01258224316857291	12080.526299999987	125.8224316857291	
0.00039000000000000005	1.216368333	0.012939563673559912	12163.683329999998	129.3956367355991	
0.000395	1.2254842350000015	0.012392199443996004	12254.842350000015	123.92199443996005	
0.0004	1.2328038810000006	0.012519754564560717	12328.038810000005	125.19754564560716	
0.00040500000000000003	1.2412034189999999	0.012553336515342803	12412.034189999998	125.53336515342804	
0.00041000000000000005	1.2488044590000031	0.011896199531544456	12488.04459000003	118.96199531544455	
0.00041500000000000006	1.256781905999999	0.012456476365456	12567.819059999989	124.56476365455998	
0.00042	1.2647479320000008	0.012354498125920627	12647.479320000008	123.54498125920627	
0.00042500000000000003	1.2722330610000012	0.01288355491955847	12722.330610000012	128.8355491955847	
0.00043000000000000004	1.2792598920000005	0.01287908909357863	12792.598920000004	128.7908909357863	
0.00043500000000000006	1.2866308110000004	0.013185479315189083	12866.308110000005	131.85479315189085	
0.00044	1.294589304	0.012752266826552214	12945.89304	127.52266826552213	
0.00044500000000000003	1.3024787850000017	0.012494636030584278	13024.787850000017	124.94636030584277	
0.00045000000000000004	1.3104256139999995	0.013152602107073886	13104.256139999994	131.52602107073884	
0.00045500000000000006	1.316876049	0.012462015068061784	13168.76049	124.62015068061784	
0.00046	1.3239748079999991	0.012566676488520575	13239.748079999992	125.66676488520575	
0.000465	1.3307440589999997	0.012455846809170345	13307.440589999997	124.55846809170343	
0.00047000000000000004	1.337447699999999	0.012964668302968661	13374.476999999988	129.64668302968659	
0.00047500000000000005	1.3438451610000002	0.012707862610174812	13438.451610000002	127.07862610174811	
0.00048000000000000007	1.3500800549999998	0.012656996856283681	13500.800549999998	126.56996856283682	
0.000485	1.3580543430000005	0.012965241257892232	13580.543430000005	129.65241257892234	
0.0004900000000000001	1.364622876000001	0.012507085539190322	13646.228760000009	125.07085539190322	
0.000495	1.3709384460000014	0.011989622748155336	13709.384460000014	119.89622748155335	
0.0005	1.376721117	0.012831015859054596	13767.21117	128.31015859054597	
0.000505	1.3824386640000002	0.012554400915977775	13824.38664	125.54400915977774	
0.00051	1.3887532620000007	0.012823151314998813	13887.532620000007	128.23151314998813	
0.000515	1.395683136000001	0.01281788790415582	13956.831360000011	128.17887904155822	
0.0005200000000000001	1.401964199999999	0.012834297533016766	14019.641999999989	128.34297533016763	
0.0005250000000000001	1.4073643889999992	0.012806443217914909	14073.643889999992	128.0644321791491	
0.0005300000000000001	1.4135142329999986	0.012914973910105706	14135.142329999986	129.14973910105707	
0.000535	1.419084035999999	0.012965479216700942	14190.84035999999	129.65479216700942	
0.00054	1.4239522979999995	0.012168024530021122	14239.522979999994	121.68024530021123	
0.000545	1.4307130440000007	0.012410176144844352	14307.130440000006	124.10176144844353	
0.00055	1.4362840619999995	0.012403030516214822	14362.840619999995	124.03030516214821	
0.000555	1.4417107379999994	0.012729208526037887	14417.107379999994	127.29208526037887	
0.0005600000000000001	1.446844356000001	0.012723168904218159	14468.44356000001	127.23168904218159	
0.0005650000000000001	1.4520064049999994	0.012964629076335932	14520.064049999995	129.64629076335933	
0.0005700000000000001	1.458281394	0.013245535327526927	14582.813939999998	132.45535327526926	
0.0005750000000000001	1.4639158349999988	0.012869065205203324	14639.158349999989	128.69065205203324	
0.00058	1.4689512809999996	0.012735389851513734	14689.512809999997	127.35389851513733	
0.000585	1.4731802099999993	0.01227788635107443	14731.802099999994	122.77886351074432	
0.00059	1.4791565520000007	0.012743031916671007	14791.565520000007	127.43031916671006	
0.000595	1.4835793950000002	0.012860773048653603	14835.793950000003	128.60773048653604	
0.0006000000000000001	1.4881067280000009	0.012267508338045512	14881.067280000008	122.6750833804551	
0.0006050000000000001	1.493284329000001	0.012185401617048123	14932.84329000001	121.85401617048122	
0.0006100000000000001	1.499445107999999	0.012771925729205297	14994.451079999992	127.71925729205297	
0.0006150000000000001	1.502975412	0.012814620480383197	15029.754120000001	128.14620480383198	
0.00062	1.5079411170000028	0.012807164265804943	15079.411170000029	128.07164265804943	
0.000625	1.5135809039999992	0.012632457348464866	15135.809039999993	126.32457348464867	
0.00063	1.517743980000002	0.01270255718584254	15177.43980000002	127.02557185842541	
0.000635	1.5218426610000007	0.012471441988883204	15218.426610000006	124.71441988883203	
0.00064	1.5271869599999999	0.012437208138903191	15271.869599999998	124.3720813890319	
0.0006450000000000001	1.5320122109999992	0.012541554806421693	15320.122109999991	125.41554806421692	
0.0006500000000000001	1.5357920760000012	0.012790788246242852	15357.920760000012	127.90788246242852	
0.0006550000000000001	1.5407356680000013	0.012082197093731586	15407.356680000012	120.82197093731585	
0.0006600000000000001	1.5446751839999995	0.012929560879555957	15446.751839999995	129.2956087955596	
0.000665	1.5493193999999995	0.012838258275326933	15493.193999999994	128.38258275326933	
0.00067	1.5525666090000014	0.012649218900395338	15525.666090000013	126.49218900395338	
0.000675	1.5572164140000002	0.012565833325752973	15572.164140000003	125.65833325752973	
0.00068	1.5607666439999999	0.012258827469022642	15607.666439999999	122.58827469022641	
0.0006850000000000001	1.5656227560000007	0.01288609166685012	15656.227560000007	128.8609166685012	
0.0006900000000000001	1.5692811209999988	0.012881297270708391	15692.811209999989	128.81297270708393	
0.0006950000000000001	1.573753293000001	0.012800578972653957	15737.532930000012	128.00578972653958	
0.0007000000000000001	1.5769443689999991	0.012987461646635919	15769.443689999991	129.87461646635919	
0.000705	1.5814012320000006	0.013016348982497978	15814.012320000005	130.16348982497976	
0.00071	1.584342989999999	0.012632118647158904	15843.42989999999	126.32118647158904	
0.000715	1.5889023989999997	0.012497801485453309	15889.023989999998	124.9780148545331	
0.00072	1.5932511270000005	0.012542680050805359	15932.511270000005	125.42680050805359	
0.0007250000000000001	1.597000617	0.012929387294466483	15970.00617	129.29387294466483	
0.0007300000000000001	1.6006446450000007	0.012744794666881679	16006.446450000007	127.44794666881678	
0.0007350000000000001	1.6046150220000013	0.012790331451354794	16046.150220000012	127.90331451354793	
0.0007400000000000001	1.607358005999999	0.012961046509135142	16073.580059999991	129.61046509135144	
0.0007450000000000001	1.6118364960000011	0.012777911445458682	16118.364960000012	127.77911445458683	
0.00075	1.6148117880000004	0.012222639470304936	16148.117880000003	122.22639470304935	
0.000755	1.618403327999999	0.012568914636133705	16184.033279999989	125.68914636133705	
0.00076	1.6216206479999997	0.012562124916434186	16216.206479999997	125.62124916434186	
0.0007650000000000001	1.6250843699999966	0.012594715786197806	16250.843699999967	125.94715786197807	
0.0007700000000000001	1.6288834319999985	0.013041576650902902	16288.834319999985	130.41576650902903	
0.0007750000000000001	1.6319153429999993	0.012896135228871893	16319.153429999993	128.96135228871893	
0.0007800000000000001	1.6351994880000018	0.012676533149400745	16351.994880000018	126.76533149400746	
0.0007850000000000001	1.6389873719999997	0.012202867688851508	16389.873719999996	122.02867688851507	
0.00079	1.6421417550000001	0.012193682797045987	16421.417550000002	121.93682797045987	
0.000795	1.645416180000002	0.012633748310917063	16454.16180000002	126.33748310917062	
0.0008	1.6486262100000004	0.012241922050229696	16486.262100000004	122.41922050229695	
0.000805	1.651377698999999	0.012235208421943571	16513.77698999999	122.35208421943571	
0.0008100000000000001	1.6547021819999994	0.012911176388264396	16547.021819999994	129.11176388264397	
0.0008150000000000001	1.6582249530000013	0.012382132084127964	16582.249530000012	123.82132084127963	
0.0008200000000000001	1.6601492699999978	0.012284307115954891	16601.492699999977	122.8430711595489	
0.0008250000000000001	1.6637587919999994	0.012605992338040507	16637.587919999994	126.05992338040508	
0.0008300000000000001	1.6669262969999996	0.012277008750049462	16669.262969999996	122.77008750049463	
0.000835	1.669839380999999	0.012814951710944501	16698.39380999999	128.14951710944501	
0.00084	1.6727838119999983	0.012502959360193694	16727.838119999982	125.02959360193692	
0.000845	1.6757532719999981	0.012020184031536967	16757.53271999998	120.20184031536967	
0.0008500000000000001	1.6793008289999984	0.012277202657273337	16793.008289999983	122.77202657273337	
0.0008550000000000001	1.6808154480000004	0.01222905293116748	16808.154480000005	122.29052931167482	
0.0008600000000000001	1.6841666610000001	0.012342530650319629	16841.66661	123.42530650319628	
0.0008650000000000001	1.687159935	0.01260821833372088	16871.59935	126.0821833372088	
0.0008700000000000001	1.6896613769999989	0.012396773260847808	16896.61376999999	123.96773260847809	
0.000875	1.6923421530000002	0.01265768633517166	16923.421530000003	126.57686335171661	
0.00088	1.6957750139999996	0.012365859094450484	16957.750139999996	123.65859094450484	
0.000885	1.6978755059999993	0.012554659932310558	16978.755059999992	125.54659932310558	
0.0008900000000000001	1.7008379190000014	0.012586419778175156	17008.379190000014	125.86419778175156	
0.0008950000000000001	1.7028946710000004	0.012475019327310028	17028.946710000004	124.7501932731003	
0.0009000000000000001	1.705692329999999	0.01260938192280257	17056.92329999999	126.0938192280257	
0.0009050000000000001	1.707715305000001	0.01207385738486153	17077.153050000008	120.7385738486153	
0.0009100000000000001	1.7113838759999995	0.011864284756723596	17113.838759999995	118.64284756723598	
0.0009150000000000001	1.7142758189999994	0.012380754161287526	17142.758189999993	123.80754161287526	
0.00092	1.7156288430000015	0.012655557111180497	17156.288430000015	126.55557111180497	
0.000925	1.7178311520000018	0.012291064679794638	17178.311520000017	122.91064679794638	
0.00093	1.7206421760000006	0.012078277724950036	17206.421760000005	120.78277724950036	
0.0009350000000000001	1.7232937919999993	0.012126967195829962	17232.937919999993	121.26967195829963	
0.0009400000000000001	1.724695658999998	0.01238373831307489	17246.95658999998	123.8373831307489	
0.0009450000000000001	1.7287574040000007	0.012626514804283246	17287.574040000007	126.26514804283246	
0.0009500000000000001	1.7302900050000003	0.012177648125683992	17302.900050000004	121.77648125683993	
0.0009550000000000001	1.733789205	0.01227353712126114	17337.892050000002	122.7353712126114	
0.0009600000000000001	1.7351874269999994	0.012737869657076536	17351.874269999993	127.37869657076536	
0.000965	1.7376079500000003	0.012679435198521268	17376.079500000003	126.79435198521267	
0.00097	1.7391490560000014	0.011972987381387485	17391.490560000013	119.72987381387485	
0.0009750000000000001	1.742884209000002	0.011907459288417471	17428.84209000002	119.0745928841747	
0.0009800000000000002	1.7435373930000015	0.012135460870545917	17435.373930000016	121.35460870545917	
0.000985	1.746118539000001	0.01232096765438816	17461.18539000001	123.20967654388161	
0.00099	1.7478664380000009	0.01192294312928467	17478.66438000001	119.2294312928467	
0.000995	1.7509457340000005	0.0117914521372579	17509.457340000004	117.914521372579	
0.001	1.7527716359999987	0.012748659364713769	17527.716359999988	127.48659364713768	
0.001005	1.7544721500000013	0.01221524890256028	17544.721500000014	122.1524890256028	
0.00101	1.7567067779999999	0.012410334941036678	17567.067779999998	124.10334941036677	
0.001015	1.7590838039999976	0.012496304748267932	17590.838039999977	124.96304748267931	
0.00102	1.761349778999998	0.012368381066742686	17613.49778999998	123.68381066742687	
0.001025	1.7625596760000029	0.012128533311947645	17625.59676000003	121.28533311947646	
0.00103	1.7649874889999981	0.012485605488156321	17649.87488999998	124.85605488156321	
0.0010350000000000001	1.7671871250000006	0.011989484007386435	17671.871250000007	119.89484007386436	
0.0010400000000000001	1.7696044889999991	0.012213941638139558	17696.04488999999	122.13941638139556	
0.0010450000000000001	1.7711368469999984	0.012418349370894283	17711.368469999983	124.1834937089428	
0.0010500000000000002	1.7732657700000003	0.012740362543707317	17732.657700000003	127.40362543707317	
0.0010550000000000002	1.7759351250000004	0.012613203736219224	17759.351250000003	126.13203736219224	
0.0010600000000000002	1.778014233000001	0.012466592125786062	17780.14233000001	124.66592125786062	
0.0010650000000000002	1.7790418800000003	0.012133650651951385	17790.418800000003	121.33650651951383	
0.00107	1.7809467570000002	0.011965121114888504	17809.46757	119.65121114888503	
0.001075	1.7832103019999987	0.012531002276625595	17832.103019999988	125.31002276625595	
0.00108	1.785273614999999	0.012431555524743277	17852.73614999999	124.31555524743275	
0.001085	1.786654098	0.012559912403850447	17866.54098	125.59912403850447	
0.00109	1.7885507130000016	0.012376880806513023	17885.507130000016	123.76880806513023	
0.001095	1.7898165000000001	0.013062654803522911	17898.165	130.62654803522912	
0.0011	1.7918280539999996	0.012417087708439668	17918.280539999996	124.1708770843967	
0.001105	1.7931706290000013	0.011697342545952867	17931.706290000013	116.97342545952866	
0.00111	1.795611077999998	0.012867799441004513	17956.11077999998	128.67799441004513	
0.001115	1.796544441	0.012504762129145796	17965.44441	125.04762129145794	
0.0011200000000000001	1.799353277999999	0.012387427576729408	17993.53277999999	123.87427576729408	
0.0011250000000000001	1.8004479929999995	0.012496746044909078	18004.479929999994	124.96746044909077	
0.0011300000000000001	1.8021898169999997	0.012342226774027076	18021.898169999997	123.42226774027075	
0.0011350000000000002	1.8039639599999995	0.01246948906228319	18039.639599999995	124.69489062283189	
0.0011400000000000002	1.8059791589999994	0.011965525371237119	18059.791589999993	119.65525371237118	
0.0011450000000000002	1.8077967989999997	0.012073446993737923	18077.967989999997	120.73446993737925	
0.0011500000000000002	1.808136998999997	0.012447349871478625	18081.36998999997	124.47349871478626	
0.001155	1.8113164109999997	0.011999108884499675	18113.164109999998	119.99108884499674	
0.00116	1.8128239830000017	0.01244381205020031	18128.239830000017	124.4381205020031	
0.001165	1.8136339019999996	0.012752082967750626	18136.339019999996	127.52082967750626	
0.00117	1.8159684030000018	0.012245180520375801	18159.68403000002	122.45180520375801	
0.001175	1.817242695	0.012353522941168439	18172.42695	123.5352294116844	
0.00118	1.818897525	0.012325405495941091	18188.97525	123.25405495941092	
0.001185	1.8191866949999989	0.01257384421925033	18191.86694999999	125.7384421925033	
0.00119	1.8203336549999996	0.012251388562770135	18203.336549999996	122.51388562770136	
0.001195	1.8228003480000046	0.012705159907332765	18228.003480000047	127.05159907332767	
0.0012000000000000001	1.8242277300000012	0.012616123556588211	18242.277300000012	126.16123556588212	
0.0012050000000000001	1.8255603419999964	0.012342517955467439	18255.603419999963	123.42517955467439	
0.0012100000000000001	1.8276059160000022	0.012458593307068977	18276.059160000023	124.58593307068976	
0.0012150000000000002	1.8291168899999994	0.012145613301101763	18291.168899999993	121.45613301101761	
0.0012200000000000002	1.8298208610000004	0.012237859430704351	18298.208610000005	122.37859430704353	
0.0012250000000000002	1.8313099650000026	0.012469542040338724	18313.099650000026	124.69542040338723	
0.0012300000000000002	1.832581826999998	0.012358665326283045	18325.81826999998	123.58665326283047	
0.0012350000000000002	1.833220916999998	0.012369900235252964	18332.20916999998	123.69900235252965	
0.00124	1.836209330999999	0.01207623727273688	18362.09330999999	120.7623727273688	
0.001245	1.8359442179999992	0.012593327532248023	18359.44217999999	125.93327532248023	
0.00125	1.8387810000000009	0.012484118791969251	18387.81000000001	124.8411879196925	
0.001255	1.8391270320000015	0.01306652875590822	18391.270320000014	130.6652875590822	
0.00126	1.8412003079999983	0.012730746725040765	18412.003079999984	127.30746725040764	
0.001265	1.8422048700000035	0.01240487724675661	18422.048700000036	124.0487724675661	
0.00127	1.8446441040000017	0.012147738956496547	18446.441040000016	121.47738956496548	
0.001275	1.8454783229999998	0.012485178910959635	18454.783229999997	124.85178910959635	
0.00128	1.8463324680000024	0.012717279631626251	18463.324680000023	127.1727963162625	
0.0012850000000000001	1.848482531999999	0.012085336270330921	18484.82531999999	120.85336270330922	
0.0012900000000000001	1.8494399520000007	0.01238324162348841	18494.399520000006	123.83241623488409	
0.0012950000000000001	1.8496773630000007	0.012630030414105532	18496.773630000007	126.3003041410553	
0.0013000000000000002	1.8516493080000012	0.012364503035995265	18516.49308000001	123.64503035995264	
0.0013050000000000002	1.8535252679999987	0.0122731432051523	18535.252679999987	122.73143205152299	
0.0013100000000000002	1.8537490709999986	0.012719894342091006	18537.490709999987	127.19894342091007	
0.0013150000000000002	1.854578672999996	0.012726202271772631	18545.78672999996	127.26202271772631	
0.0013200000000000002	1.857174885	0.012606529864390714	18571.74885	126.06529864390714	
0.001325	1.8566764919999994	0.012839751319006767	18566.764919999994	128.39751319006768	
0.00133	1.8581148090000017	0.01221679698065408	18581.148090000017	122.16796980654081	
0.001335	1.8592321230000008	0.01222229871480287	18592.32123000001	122.2229871480287	
0.00134	1.8617741460000026	0.012669613399574745	18617.741460000027	126.69613399574745	
0.001345	1.8632442960000004	0.012386953104068165	18632.442960000004	123.86953104068164	
0.00135	1.8633249720000002	0.012273169570702425	18633.249720000003	122.73169570702426	
0.001355	1.864113507000002	0.01208042184453634	18641.13507000002	120.80421844536339	
0.00136	1.8657044280000012	0.012196495070503527	18657.044280000013	121.96495070503528	
0.0013650000000000001	1.8661352670000007	0.012125298821790378	18661.352670000007	121.25298821790379	
0.0013700000000000001	1.8670907430000006	0.012331343801749698	18670.907430000007	123.31343801749698	
0.0013750000000000001	1.869694974000001	0.012439759509063033	18696.94974000001	124.39759509063033	
0.0013800000000000002	1.8701105040000012	0.0130517940262626	18701.105040000013	130.517940262626	
0.0013850000000000002	1.8701085599999998	0.01253048438211388	18701.0856	125.3048438211388	
0.0013900000000000002	1.8718562160000038	0.01311461219630013	18718.562160000038	131.1461219630013	
0.0013950000000000002	1.8753439949999946	0.012490230197677515	18753.439949999945	124.90230197677514	
0.0014000000000000002	1.873619181	0.012595255903483647	18736.19181	125.95255903483647	
0.0014050000000000002	1.8759480929999977	0.01284830093616863	18759.480929999976	128.4830093616863	
0.00141	1.8759155309999984	0.012986701884891313	18759.155309999984	129.86701884891312	
0.001415	1.8778634189999985	0.012573847356296313	18778.634189999986	125.73847356296312	
0.00142	1.8778439789999986	0.012020706726002384	18778.439789999986	120.20706726002385	
0.001425	1.8791207010000017	0.01294058153753529	18791.207010000016	129.4058153753529	
0.00143	1.880259641999999	0.013099715897294738	18802.59641999999	130.99715897294737	
0.001435	1.8809947170000008	0.013162832557125038	18809.947170000007	131.62832557125037	
0.00144	1.881625302000001	0.013057191617602753	18816.25302000001	130.57191617602751	
0.001445	1.883257533000002	0.012579920224346074	18832.57533000002	125.79920224346074	
0.0014500000000000001	1.8839510549999996	0.013077084623186278	18839.510549999995	130.77084623186278	
0.0014550000000000001	1.8856646910000008	0.012461652770941696	18856.646910000007	124.61652770941696	
0.0014600000000000001	1.887211142999999	0.012754774403671404	18872.11142999999	127.54774403671404	
0.0014650000000000002	1.8877469579999968	0.012573332769327138	18877.469579999968	125.73332769327138	
0.0014700000000000002	1.8876973859999988	0.012990887263193553	18876.973859999987	129.90887263193554	
0.0014750000000000002	1.8885699989999991	0.012286863263135918	18885.69998999999	122.86863263135918	
0.0014800000000000002	1.889955342000003	0.01264071230259735	18899.55342000003	126.40712302597349	
0.0014850000000000002	1.892381210999999	0.01306178700991863	18923.812109999988	130.6178700991863	
0.0014900000000000002	1.8914116410000001	0.0127492548473281	18914.116410000002	127.492548473281	
0.001495	1.8933986520000001	0.012496983020749284	18933.986520000002	124.96983020749285	
0.001005	1.7550043200000023	0.01237211871417342	17550.043200000022	123.72118714173419	
0.00101	1.7567495460000007	0.012610552641335105	17567.495460000006	126.10552641335104	
0.001015	1.7592111360000025	0.012162797649369323	17592.111360000024	121.62797649369323	
0.00102	1.760834862000003	0.012476362240210712	17608.34862000003	124.76362240210712	
0.001025	1.7631273239999998	0.012225768744542143	17631.27324	122.25768744542142	
0.00103	1.7645534910000003	0.01298765469451353	17645.534910000002	129.8765469451353	
0.0010350000000000001	1.7679042180000004	0.012576591063101175	17679.042180000004	125.76591063101175	
0.0010400000000000001	1.7690278500000014	0.012343958717506303	17690.278500000015	123.43958717506304	
0.001045	1.7710170480000016	0.012249218816467275	17710.170480000015	122.49218816467274	
0.00105	1.7731231290000002	0.01240960386170159	17731.231290000003	124.09603861701592	
0.001055	1.7756794890000012	0.012563646787453047	17756.794890000012	125.63646787453047	
0.00106	1.7773442820000014	0.012351123060291966	17773.442820000015	123.51123060291965	
0.001065	1.7787852719999981	0.0119934647920447	17787.85271999998	119.93464792044699	
0.00107	1.7803343969999994	0.012424919490418879	17803.343969999994	124.24919490418878	
0.001075	1.7827729020000016	0.01220882834502952	17827.729020000017	122.08828345029521	
0.00108	1.7852473710000003	0.012464638020069385	17852.473710000002	124.64638020069384	
0.001085	1.7862701579999982	0.01194875542745086	17862.701579999983	119.4875542745086	
0.00109	1.788855191999999	0.012000387304963772	17888.55191999999	120.00387304963772	
0.001095	1.790082099000001	0.012291264166276768	17900.82099000001	122.91264166276768	
0.0011	1.7922746879999985	0.012327135271288928	17922.746879999984	123.27135271288928	
0.001105	1.7941844249999999	0.01255387806720993	17941.84425	125.53878067209929	
0.00111	1.7956176389999985	0.012510002207780738	17956.176389999986	125.1000220778074	
0.001115	1.797480477	0.012697087123725309	17974.80477	126.97087123725309	
0.0011200000000000001	1.7992001879999986	0.012747583004501515	17992.001879999985	127.47583004501514	
0.0011250000000000001	1.8011633850000013	0.012714741285955266	18011.633850000013	127.14741285955266	
0.00113	1.802379842999999	0.012330550316930346	18023.79842999999	123.30550316930346	
0.001135	1.8043211700000037	0.012313109729922002	18043.211700000036	123.13109729922002	
0.00114	1.8056195190000006	0.012135900032285991	18056.195190000006	121.3590003228599	
0.001145	1.807445907000001	0.012417429818861516	18074.45907000001	124.17429818861517	
0.00115	1.808708049000003	0.012225943041606204	18087.08049000003	122.25943041606205	
0.001155	1.8104734440000019	0.012268434294760851	18104.73444000002	122.6843429476085	
0.00116	1.8120259709999968	0.012128057676732855	18120.25970999997	121.28057676732854	
0.001165	1.813680558000006	0.012729330805766508	18136.80558000006	127.29330805766507	
0.00117	1.8152031960000004	0.012111704122029396	18152.031960000004	121.11704122029396	
0.001175	1.817284734	0.012426680146975856	18172.84734	124.26680146975856	
0.00118	1.8191342069999996	0.011668289171346036	18191.342069999995	116.68289171346036	
0.001185	1.8199766880000006	0.012534354911628118	18199.766880000006	125.34354911628118	
0.00119	1.8218497320000002	0.012731620921476408	18218.497320000002	127.31620921476409	
0.001195	1.8226931850000014	0.012349863839280781	18226.931850000015	123.4986383928078	
0.0012000000000000001	1.8240887339999998	0.012421723039145741	18240.887339999997	124.21723039145742	
0.0012050000000000001	1.825859960999998	0.01211771360494539	18258.59960999998	121.17713604945389	
0.0012100000000000001	1.8274309559999986	0.012048435831346054	18274.309559999987	120.48435831346053	
0.001215	1.8285436530000014	0.012480519645935873	18285.436530000014	124.80519645935873	
0.00122	1.830179043000001	0.012644641767608565	18301.79043000001	126.44641767608564	
0.001225	1.8305676000000022	0.012022018253604506	18305.67600000002	120.22018253604506	
0.00123	1.8336259979999996	0.012526875566077761	18336.259979999995	125.26875566077761	
0.001235	1.8345297150000013	0.012366947733688185	18345.297150000013	123.66947733688185	
0.00124	1.835379486000001	0.012770545891769994	18353.79486000001	127.70545891769993	
0.001245	1.8374534910000009	0.012665668720913204	18374.53491000001	126.65668720913204	
0.00125	1.837520316	0.01243818390023818	18375.20316	124.3818390023818	
0.001255	1.8405626759999996	0.012637396649429974	18405.626759999996	126.37396649429974	
0.00126	1.8405425069999997	0.012646647790302008	18405.425069999998	126.46647790302009	
0.001265	1.8425052180000012	0.011916636069565755	18425.052180000013	119.16636069565757	
0.00127	1.8450144359999987	0.012536513180302716	18450.144359999988	125.36513180302715	
0.001275	1.8445845690000024	0.012710032039190109	18445.845690000024	127.10032039190108	
0.00128	1.8471863700000002	0.012605339896293966	18471.8637	126.05339896293967	
0.0012850000000000001	1.8462872699999975	0.012339222966585057	18462.872699999974	123.39222966585056	
0.00129	1.8497769930000012	0.012540226835067643	18497.769930000013	125.40226835067644	
0.0012950000000000001	1.8503864369999967	0.012324439012224067	18503.864369999967	123.24439012224067	
0.0013	1.8518446799999961	0.01244236979259177	18518.44679999996	124.4236979259177	
0.0013050000000000002	1.8531369540000002	0.012319788256292532	18531.369540000003	123.19788256292533	
0.00131	1.8533575980000012	0.012141846567981167	18533.575980000012	121.41846567981167	
0.001315	1.8554546879999998	0.01212304702633197	18554.546879999998	121.2304702633197	
0.00132	1.8556838370000024	0.01243465575850137	18556.838370000023	124.3465575850137	
0.001325	1.8570084299999996	0.012184519898998866	18570.084299999995	121.84519898998866	
0.00133	1.8588093030000008	0.01228652254184199	18588.093030000007	122.8652254184199	
0.001335	1.8603081269999993	0.012864434869626861	18603.08126999999	128.6443486962686	
0.00134	1.8606483270000018	0.013326481745609789	18606.48327000002	133.2648174560979	
0.001345	1.8619155720000007	0.012414456869344571	18619.155720000006	124.1445686934457	
0.00135	1.8630173340000005	0.012451011162329108	18630.173340000005	124.51011162329108	
0.001355	1.8655744229999993	0.012572888755098061	18655.744229999993	125.7288875509806	
0.00136	1.8661500899999997	0.012166986219269768	18661.500899999995	121.66986219269768	
0.0013650000000000001	1.8669279329999975	0.01259257896042391	18669.279329999976	125.92578960423911	
0.0013700000000000001	1.867507488000001	0.013304411652826129	18675.07488000001	133.0441165282613	
0.001375	1.8692177220000012	0.012183520526379752	18692.177220000012	121.83520526379752	
0.0013800000000000002	1.869352829999998	0.012560636622126323	18693.52829999998	125.60636622126323	
0.001385	1.8706161870000033	0.012551670790696788	18706.161870000033	125.51670790696788	
0.0013900000000000002	1.871950257	0.013261687985582804	18719.50257	132.61687985582805	
0.001395	1.8736405650000008	0.012179139576249855	18736.405650000008	121.79139576249855	
0.0014	1.8744548579999991	0.012567438384883231	18744.54857999999	125.67438384883232	
0.001405	1.8754905239999986	0.012608214589362938	18754.905239999985	126.08214589362939	
0.00141	1.8766729619999987	0.012883858267559287	18766.729619999987	128.83858267559287	
0.001415	1.8773698859999997	0.01281383676566094	18773.698859999997	128.1383676566094	
0.00142	1.8789962850000004	0.012421479217700905	18789.962850000004	124.21479217700906	
0.001425	1.8803774969999998	0.013106413901292429	18803.77497	131.0641390129243	
0.00143	1.8802839419999982	0.01264917953112518	18802.839419999982	126.4917953112518	
0.001435	1.8820651320000008	0.01266592978121136	18820.651320000008	126.6592978121136	
0.00144	1.8822102029999992	0.012775009808911728	18822.10202999999	127.75009808911727	
0.001445	1.8829727370000022	0.013049174933835152	18829.727370000022	130.49174933835153	
0.0014500000000000001	1.8848241539999964	0.01237421166379032	18848.241539999963	123.7421166379032	
0.0014550000000000001	1.885232637000002	0.012722844450484775	18852.32637000002	127.22844450484774	
0.00146	1.8850141800000013	0.012507142722764469	18850.141800000012	125.07142722764468	
0.0014650000000000002	1.887094988999997	0.01263936807086806	18870.94988999997	126.3936807086806	
0.00147	1.8872816130000043	0.012623908981739028	18872.816130000043	126.23908981739028	
0.0014750000000000002	1.8877544910000021	0.012699396287222428	18877.544910000022	126.99396287222429	
0.00148	1.8896190300000002	0.012186312872608348	18896.190300000002	121.86312872608349	
0.001485	1.8904454729999998	0.012609798180275165	18904.454729999998	126.09798180275165	
0.00149	1.8935583029999998	0.012645211387129547	18935.583029999998	126.45211387129547	
0.001495	1.8932586840000025	0.012613546140485026	18932.586840000025	126.13546140485026	
0.0015	1.8940773510000002	0.013011379919278303	18940.773510000003	130.11379919278303	
0.001505	1.8955749599999996	0.013208514401794023	18955.749599999996	132.08514401794022	
0.00151	1.895834970000001	0.012508453973497289	18958.34970000001	125.08453973497289	
0.001515	1.8971294309999982	0.013314194439365797	18971.294309999983	133.14194439365798	
0.00152	1.8970628489999988	0.012585303718234173	18970.62848999999	125.85303718234172	
0.001525	1.8976793400000025	0.012926827127272975	18976.793400000024	129.26827127272975	
0.0015300000000000001	1.9001936609999996	0.012617140507186214	19001.936609999997	126.17140507186214	
0.001535	1.900237401	0.012878028768029652	19002.37401	128.7802876802965	
0.0015400000000000001	1.9016827649999986	0.013150027511521592	19016.827649999985	131.5002751152159	
0.001545	1.9012835159999995	0.013156113034469714	19012.835159999995	131.56113034469715	
0.0015500000000000002	1.9016966159999993	0.013295565199213762	19016.966159999993	132.95565199213763	
0.001555	1.9028149020000005	0.01316421365803502	19028.149020000004	131.6421365803502	
0.0015600000000000002	1.903376961000001	0.013051871514364462	19033.76961000001	130.5187151436446	
0.001565	1.9041934409999972	0.012696023376652984	19041.934409999973	126.96023376652984	
0.0015700000000000002	1.9053083249999982	0.013051820173882825	19053.08324999998	130.51820173882825	
0.001575	1.9058696550000007	0.013146766621339822	19058.696550000008	131.46766621339822	
0.00158	1.9090981530000015	0.012997118814860133	19090.981530000015	129.97118814860133	
0.001585	1.908649575000001	0.01377859579465103	19086.49575000001	137.7859579465103	
0.00159	1.9092706829999995	0.01261765990849776	19092.706829999996	126.1765990849776	
0.001595	1.9093377509999991	0.012807164062937545	19093.37750999999	128.07164062937545	
0.0016	1.9101639510000004	0.012751217368180922	19101.639510000005	127.51217368180923	
0.001605	1.9096346969999984	0.012861055380146355	19096.346969999984	128.61055380146354	
0.00161	1.9119412530000002	0.012891006762041166	19119.41253	128.91006762041167	
0.0016150000000000001	1.9092631499999986	0.01244760117474449	19092.631499999985	124.47601174744489	
0.00162	1.9137367800000018	0.013184532402083912	19137.367800000018	131.84532402083912	
0.0016250000000000001	1.9142859599999986	0.012666426222198575	19142.859599999985	126.66426222198575	
0.00163	1.9133691209999997	0.012858416101929468	19133.691209999997	128.58416101929467	
0.0016350000000000002	1.9146657689999997	0.0125770868308062	19146.657689999996	125.77086830806199	
0.00164	1.917298674000001	0.013329979959464461	19172.98674000001	133.2997995946446	
0.0016450000000000002	1.9170235980000008	0.012800832696367708	19170.23598000001	128.0083269636771	
0.00165	1.9173312360000008	0.013557968262475904	19173.312360000007	135.57968262475904	
0.0016550000000000002	1.9181520899999982	0.012754104722476619	19181.52089999998	127.54104722476619	
0.00166	1.9187194950000015	0.013327037588075422	19187.194950000016	133.27037588075422	
0.001665	1.919107079999999	0.01341112663066007	19191.07079999999	134.1112663066007	
0.00167	1.9202603579999988	0.013377061416164477	19202.603579999988	133.77061416164477	
0.001675	1.920232656000001	0.013367953528631989	19202.32656000001	133.6795352863199	
0.00168	1.9199711880000014	0.014316772546166145	19199.711880000013	143.16772546166143	
0.001685	1.922701535999998	0.013503162781463589	19227.01535999998	135.0316278146359	
0.00169	1.9252933739999982	0.013888757792910206	19252.933739999982	138.88757792910206	
0.0016950000000000001	1.9233909270000014	0.013473527804464234	19233.909270000015	134.73527804464234	
0.0017000000000000001	1.9241451990000011	0.012784403325122349	19241.451990000012	127.8440332512235	
0.001705	1.9252212030000007	0.01333297213001628	19252.212030000006	133.3297213001628	
0.0017100000000000001	1.926317862000001	0.013189007711005231	19263.17862000001	131.89007711005232	
0.001715	1.9265878350000014	0.01344804674715905	19265.878350000014	134.4804674715905	
0.0017200000000000002	1.926481158	0.013029688922496811	19264.81158	130.2968892249681	
0.001725	1.9278516780000006	0.01381301836110833	19278.516780000005	138.1301836110833	
0.0017300000000000002	1.928803752000002	0.013117887939698845	19288.03752000002	131.17887939698844	
0.001735	1.92833379	0.013179521400031945	19283.3379	131.79521400031945	
0.0017400000000000002	1.9305589410000004	0.01365552122547942	19305.589410000004	136.5552122547942	
0.001745	1.9300454819999984	0.013698189388954863	19300.454819999984	136.98189388954864	
0.00175	1.9302692849999974	0.013534912349911048	19302.692849999974	135.34912349911048	
0.001755	1.9296506069999975	0.013823215562326697	19296.506069999974	138.23215562326695	
0.00176	1.9310075189999985	0.013528534595943465	19310.075189999985	135.28534595943466	
0.001765	1.9320395399999994	0.014036487732990767	19320.395399999994	140.36487732990767	
0.00177	1.9336715279999983	0.014193925133141138	19336.715279999982	141.93925133141138	
0.001775	1.9352383919999978	0.013904456738482686	19352.38391999998	139.04456738482685	
0.0017800000000000001	1.933406172000002	0.013348896594116522	19334.06172000002	133.48896594116522	
0.0017850000000000001	1.9362038310000012	0.014094930305270731	19362.03831000001	140.9493030527073	
0.00179	1.9346437709999995	0.013788711608578919	19346.437709999995	137.8871160857892	
0.0017950000000000002	1.9355265900000025	0.013346388926368809	19355.265900000024	133.4638892636881	
0.0018	1.936133604	0.014198678634618937	19361.33604	141.98678634618935	
0.0018050000000000002	1.9397693700000012	0.014490255041823809	19397.69370000001	144.90255041823806	
0.00181	1.9389922559999988	0.014043891334614637	19389.922559999988	140.43891334614636	
0.0018150000000000002	1.9382851260000002	0.013744638673829293	19382.851260000003	137.44638673829294	
0.00182	1.939539005999999	0.014413472509494844	19395.39005999999	144.13472509494844	
0.0018250000000000002	1.9381405410000014	0.01443922323479761	19381.405410000014	144.3922323479761	
0.00183	1.9393783830000018	0.013881577085198604	19393.78383000002	138.81577085198606	
0.001835	1.9424836799999978	0.014278516234595221	19424.83679999998	142.78516234595222	
0.00184	1.938913037999999	0.013821086465851952	19389.13037999999	138.2108646585195	
0.001845	1.9414033020000032	0.014521065582483823	19414.03302000003	145.21065582483823	
0.00185	1.9419354719999988	0.014413968515964489	19419.35471999999	144.1396851596449	
0.001855	1.9398881970000024	0.013318960031631237	19398.881970000024	133.18960031631238	
0.00186	1.941423471000001	0.013936589994010694	19414.234710000008	139.36589994010694	
0.0018650000000000001	1.9452937319999994	0.01412491721717958	19452.937319999994	141.2491721717958	
0.0018700000000000001	1.9427271660000027	0.013824810868378777	19427.271660000028	138.24810868378776	
0.001875	1.9459342800000021	0.01483408701105666	19459.34280000002	148.34087011056658	
0.0018800000000000002	1.9448650799999985	0.01385605177348874	19448.650799999985	138.56051773488738	
0.001885	1.9454691780000004	0.014215728218783438	19454.691780000005	142.15728218783437	
0.0018900000000000002	1.946257713000002	0.014304463517330212	19462.57713000002	143.0446351733021	
0.001895	1.945306853999999	0.013718027146156393	19453.06853999999	137.18027146156393	
0.0019000000000000002	1.9481278410000042	0.014998240382448836	19481.278410000043	149.98240382448836	
0.001905	1.9484869949999997	0.014384948923822242	19484.869949999997	143.84948923822245	
0.0019100000000000002	1.9484170109999992	0.014947825906762462	19484.170109999992	149.47825906762463	
0.001915	1.9506693780000013	0.014423017431006447	19506.693780000012	144.23017431006448	
0.00192	1.9503969749999996	0.015042311167914813	19503.969749999997	150.42311167914812	
0.001925	1.9503454589999987	0.015039376267462662	19503.454589999987	150.3937626746266	
0.00193	1.9509133499999964	0.0162344215395406	19509.133499999964	162.344215395406	
0.001935	1.9500754860000045	0.014726642047113273	19500.754860000045	147.26642047113273	
0.00194	1.953655848000001	0.014718376411578004	19536.55848000001	147.18376411578004	
0.0019450000000000001	1.9513386	0.015654613737489668	19513.386	156.5461373748967	
0.0019500000000000001	1.9524755970000027	0.014376012998345233	19524.755970000027	143.76012998345234	
0.001955	1.9509485850000006	0.015071852370786247	19509.485850000005	150.71852370786246	
0.00196	1.9539496349999983	0.015138615213412854	19539.496349999983	151.38615213412854	
0.001965	1.9528004879999996	0.015153767856406401	19528.004879999997	151.537678564064	
0.00197	1.9524478950000015	0.014840381786934434	19524.478950000015	148.40381786934432	
0.001975	1.9533528269999978	0.014299483359515855	19533.528269999977	142.99483359515855	
0.00198	1.9556316809999974	0.014533767454078776	19556.316809999975	145.33767454078776	
0.001985	1.955222711999997	0.0145689882331978	19552.22711999997	145.689882331978	
0.00199	1.9551711960000029	0.014439875462398668	19551.71196000003	144.3987546239867	
0.0019950000000000002	1.9544086620000027	0.014028995159232043	19544.086620000027	140.28995159232042	
0.002	1.951640163	0.013635674984335426	19516.40163	136.35674984335427	
0.002005	1.9584733229999995	0.01465094998464849	19584.733229999994	146.50949984648489	
0.00201	1.9553672970000018	0.014983708198132759	19553.672970000018	149.83708198132757	
0.0020150000000000003	1.955329146000002	0.013938665375231737	19553.29146000002	139.38665375231736	
0.00202	1.9566697769999999	0.013970381891604494	19566.69777	139.70381891604495	
0.002025	1.959942257999997	0.015503896588065728	19599.42257999997	155.0389658806573	
0.00203	1.9589797349999993	0.015313359830970319	19589.797349999993	153.1335983097032	
0.0020350000000000004	1.9590815519999993	0.01441218210151731	19590.815519999993	144.12182101517308	
0.00204	1.9595085030000021	0.01610647363807458	19595.08503000002	161.06473638074579	
0.002045	1.9601373870000007	0.014714130010477413	19601.373870000007	147.14130010477413	
0.00205	1.961396613000001	0.014655131801155213	19613.966130000008	146.55131801155213	
0.0020550000000000004	1.9622736000000005	0.015668842749928913	19622.736000000004	156.68842749928913	
0.00206	1.9607225310000043	0.014920432532170068	19607.22531000004	149.20432532170065	
0.002065	1.9612165500000036	0.014996190350068914	19612.165500000036	149.96190350068912	
0.00207	1.962077255999999	0.015513829373254847	19620.77255999999	155.13829373254848	
0.002075	1.9622626650000023	0.01518289780610982	19622.626650000024	151.8289780610982	
0.0020800000000000003	1.9600406729999995	0.015465686995541792	19600.406729999995	154.65686995541793	
0.002085	1.9653691769999957	0.015722241365647305	19653.691769999958	157.22241365647304	
0.00209	1.9633078079999988	0.0157300040838881	19633.07807999999	157.30004083888102	
0.002095	1.963526750999997	0.015922011159555143	19635.26750999997	159.22011159555143	
0.0021000000000000003	1.9671698069999937	0.01562276311481905	19671.698069999937	156.2276311481905	
0.002105	1.9644032519999983	0.016399250145250423	19644.032519999982	163.99250145250423	
0.00211	1.9644807690000035	0.016020245486060403	19644.807690000034	160.20245486060404	
0.002115	1.9662033959999978	0.014842569726741531	19662.03395999998	148.4256972674153	
0.0021200000000000004	1.9662208919999993	0.014803812220044394	19662.208919999994	148.03812220044395	
0.002125	1.9640550329999995	0.014380737205787161	19640.550329999995	143.8073720578716	
0.00213	1.9657851929999994	0.015324581097627143	19657.851929999993	153.24581097627143	
0.002135	1.9688861160000009	0.015750828607236637	19688.861160000008	157.50828607236636	
0.0021400000000000004	1.9673314019999966	0.014656707319394604	19673.314019999965	146.56707319394604	
0.002145	1.965131037000001	0.014663831565100262	19651.31037000001	146.6383156510026	
0.00215	1.9724086440000028	0.016434637281645865	19724.08644000003	164.34637281645865	
0.002155	1.965810222000002	0.015643874005268538	19658.10222000002	156.43874005268538	
0.00216	1.9679177610000016	0.014824662407214508	19679.177610000017	148.24662407214507	
0.0021650000000000003	1.9677138840000004	0.015946966887986684	19677.138840000003	159.46966887986684	
0.00217	1.965649113000002	0.015113019087072932	19656.49113000002	151.1301908707293	
0.002175	1.9694846250000002	0.01544976223022137	19694.846250000002	154.4976223022137	
0.00218	1.9736977589999996	0.017638950763946237	19736.977589999995	176.38950763946235	
0.0021850000000000003	1.9697035680000008	0.015022868124475279	19697.035680000008	150.2286812447528	
0.00219	1.9703574809999997	0.015051544188807964	19703.57481	150.51544188807964	
0.002195	1.9691653229999997	0.01515249541859924	19691.653229999996	151.5249541859924	
0.0022	1.9746668429999998	0.016444886711143723	19746.668429999998	164.44886711143724	
0.0022050000000000004	1.9697023530000013	0.015223798844716469	19697.023530000013	152.2379884471647	
0.00221	1.974457377	0.015828091989967447	19744.57377	158.28091989967444	
0.002215	1.9728122669999975	0.016001839196908316	19728.122669999975	160.01839196908315	
0.00222	1.9715851170000005	0.015873193835750612	19715.851170000005	158.73193835750612	
0.0022250000000000004	1.9732280400000017	0.016167046950460714	19732.280400000018	161.67046950460713	
0.00223	1.9740719789999985	0.017162451938536008	19740.719789999985	171.62451938536006	
0.002235	1.9765872720000022	0.0155933446190359	19765.87272000002	155.933446190359	
0.00224	1.9750221090000006	0.015762186020254906	19750.221090000006	157.62186020254907	
0.002245	1.9733957100000006	0.01582626950389446	19733.957100000007	158.26269503894463	
0.0022500000000000003	1.975447359000002	0.015683353342576915	19754.47359000002	156.83353342576916	
0.002255	1.9735449119999995	0.015576756696830575	19735.449119999994	155.76756696830574	
0.00226	1.978687520999999	0.01673447511192267	19786.87520999999	167.34475111922671	
0.002265	1.975976127000002	0.015741250556130258	19759.76127000002	157.4125055613026	
0.0022700000000000003	1.9753589070000002	0.01606637019199891	19753.58907	160.6637019199891	
0.002275	1.976742792000001	0.01634692709259865	19767.42792000001	163.46927092598654	
0.00228	1.9753003439999997	0.014380753829395163	19753.003439999997	143.80753829395164	
0.002285	1.977157350000003	0.017070056441426895	19771.57350000003	170.70056441426897	
0.0022900000000000004	1.975089662999998	0.01567075992418462	19750.89662999998	156.70759924184622	
0.002295	1.9753071479999984	0.016428167903637228	19753.071479999984	164.28167903637228	
0.0023	1.9757598570000001	0.01580362675921421	19757.598570000002	158.0362675921421	
0.002305	1.9802538990000011	0.017231403550169656	19802.538990000012	172.31403550169654	
0.0023100000000000004	1.979363790000001	0.016362298313864727	19793.63790000001	163.62298313864727	
0.0023150000000000002	1.9782491489999985	0.015943407130497512	19782.491489999986	159.43407130497513	
0.00232	1.979018973000001	0.01698482162962777	19790.18973000001	169.8482162962777	
0.002325	1.9775894039999993	0.015455827779410056	19775.894039999992	154.55827779410055	
0.00233	1.9795341330000014	0.016683746544026327	19795.341330000014	166.8374654402633	
0.0023350000000000003	1.978207109999997	0.017343625332031928	19782.07109999997	173.43625332031928	
0.00234	1.9812142349999984	0.016328450003591125	19812.142349999984	163.28450003591126	
0.002345	1.9809289530000016	0.017709682887866496	19809.289530000016	177.09682887866498	
0.00235	1.9867203720000004	0.018917604755296486	19867.203720000005	189.17604755296486	
0.0023550000000000003	1.9819925639999998	0.017009598864755875	19819.925639999998	170.09598864755876	
0.00236	1.9787161950000023	0.017269900372699744	19787.161950000023	172.69900372699743	
0.002365	1.9794160349999999	0.015598536965811085	19794.16035	155.98536965811084	
0.00237	1.9838473829999976	0.01630068314127696	19838.473829999977	163.00683141276957	
0.0023750000000000004	1.981207917	0.016220046750614205	19812.07917	162.20046750614205	
0.00238	1.9827550980000044	0.017695576017309964	19827.550980000044	176.95576017309963	
0.002385	1.981735713	0.016061719728678817	19817.35713	160.61719728678818	
0.00239	1.9819566000000006	0.01654318229235234	19819.566000000006	165.43182292352338	
0.0023950000000000004	1.986452586000003	0.01908588147203593	19864.52586000003	190.8588147203593	
0.0024000000000000002	1.9840029030000017	0.017750000426411006	19840.029030000016	177.50000426411003	
0.002405	1.9827213210000028	0.017000125416771462	19827.213210000027	170.00125416771462	
0.00241	1.9828872900000027	0.015756501322498596	19828.872900000028	157.565013224986	
0.002415	1.984078233000002	0.016259874742897324	19840.78233000002	162.59874742897324	
0.0024200000000000003	1.9782294659999995	0.0150620506461386	19782.294659999996	150.62050646138601	
0.002425	1.9842493050000007	0.016199178634115206	19842.49305000001	161.99178634115208	
0.00243	1.9826520660000002	0.016643900302021872	19826.520660000002	166.4390030202187	
0.002435	1.9820574450000055	0.016065209073366404	19820.574450000055	160.65209073366404	
0.0024400000000000003	1.9826168310000047	0.015283811635336242	19826.16831000005	152.8381163533624	
0.002445	1.9826642159999988	0.015817537043147555	19826.64215999999	158.17537043147556	
0.00245	1.9870265520000001	0.016755659517586768	19870.26552	167.5565951758677	
0.002455	1.9829665080000032	0.0164841916450864	19829.66508000003	164.841916450864	
0.0024600000000000004	1.9841883119999992	0.016006855716369055	19841.88311999999	160.06855716369054	
0.002465	1.9855721969999989	0.016371252402067188	19855.721969999988	163.71252402067188	
0.00247	1.9883419110000007	0.017623588144276406	19883.419110000006	176.23588144276405	
0.002475	1.9857141090000006	0.01657385669526315	19857.141090000005	165.73856695263152	
0.0024800000000000004	1.983940695	0.016107061709634524	19839.40695	161.07061709634525	
0.0024850000000000002	1.9864309589999982	0.017843169545215865	19864.309589999983	178.43169545215866	
0.00249	1.983164309999999	0.015180093692527066	19831.64309999999	151.80093692527066	
0.002495	1.9886016780000002	0.017619229210391576	19886.01678	176.19229210391578	
