3.769224
1.269607
0.404906
2.007114
4.907769
7.491280
2.549502
3.331148
14.052915
6.136611
0.871090
0.230492
1.703260
0.677017
4.599970
0.800079
3.421156
2.432079
4.288282
2.586891
4.447629
0.219779
4.711859
5.532685
0.347218
1.716158
1.207409
2.023972
1.085547
5.219016
1.218537
0.317173
0.877606
3.692083
9.778415
4.210232
3.446297
0.465298
6.044626
4.236097
3.165220
7.021976
4.087799
5.134174
1.163632
1.017904
11.441893
2.163914
1.274775
1.567474
2.705140
0.164838
3.077423
1.321792
4.746805
5.613724
4.153738
1.650538
2.886502
2.155168
1.553883
1.697172
2.482601
1.786029
0.610109
1.590701
0.365243
1.426472
5.680579
0.474618
5.785591
3.781650
14.482366
0.108781
0.930972
0.452466
2.104769
2.738415
2.629269
1.127196
2.157049
0.006900
1.753352
2.250286
1.192042
2.949625
3.278147
0.923499
5.596827
1.632194
1.543913
4.114624
5.714115
5.940869
0.301048
0.038726
3.120538
1.193892
1.748719
0.486375
1.155744
0.676537
7.777030
1.326835
0.567623
1.334207
4.343852
0.790972
0.618176
4.267527
2.806577
4.788107
1.046054
3.134872
0.061305
2.893376
6.510021
1.300352
0.193043
0.602233
5.773206
2.357534
0.093618
1.584221
0.974230
6.449586
3.240068
4.062274
9.936779
5.249859
3.589719
2.091466
0.460258
4.355262
5.105410
5.947284
0.441455
5.371748
3.911332
6.875644
3.087398
0.118274
6.901323
2.338631
3.572731
0.951415
1.871456
0.737121
1.920485
1.366545
1.561699
2.732063
0.305954
0.731889
1.193029
1.480072
3.661963
4.550604
2.150048
5.877552
3.143461
2.365296
0.037202
3.165630
3.110337
1.070407
0.025693
2.966301
0.070041
4.336287
3.689011
0.220521
1.186311
0.912857
1.783196
4.669029
4.758801
5.425235
0.578644
0.766185
0.228495
8.872479
1.296468
1.302407
0.262705
0.012561
6.665339
6.925401
2.477544
0.746530
0.063039
1.710845
2.514474
1.211320
3.513236
1.710918
3.882584
1.319921
4.409950
2.379807
2.299843
1.759948
3.194612
0.138240
1.709467
2.676171
0.667291
1.220022
6.520061
4.622943
2.357305
0.596135
0.700177
3.421544
6.083907
0.072999
1.130628
0.217308
0.774611
1.867409
0.858097
1.395611
4.703435
4.155635
6.190786
6.412866
0.094652
0.889578
6.820108
5.861028
0.291463
1.793941
0.379956
1.285423
4.085307
4.934661
10.812732
0.190034
8.431507
0.836802
4.176339
6.350322
11.820543
5.751804
6.176434
3.555293
6.398964
0.852789
3.803892
0.170347
0.628508
0.155530
4.491100
4.863202
4.336187
1.834957
3.206784
4.742635
1.872601
2.784658
2.097820
1.461107
1.264703
1.362509
6.553506
5.059401
0.888686
1.436484
1.450707
1.346757
0.612155
0.124138
5.115863
3.539310
0.791718
1.200154
1.802837
2.505483
5.806208
8.165108
0.488266
0.598423
4.157712
2.182993
2.223433
0.024166
0.377259
1.787490
1.382543
2.410872
2.208244
0.992048
4.626402
1.989042
12.553992
8.549580
2.097507
4.145352
2.633700
3.634644
1.016654
1.651085
2.827186
1.579373
0.090341
2.529083
2.464446
2.656554
0.881295
2.035005
0.681066
6.985578
0.162783
19.711234
4.389659
1.838921
0.443672
6.000247
3.443406
1.390436
2.807859
1.479860
5.760441
0.181439
0.417301
0.055706
2.427774
2.203523
4.572293
1.975283
7.029720
2.811481
0.708316
0.466717
4.709931
1.426323
15.272470
5.010302
5.053525
7.106385
0.489623
0.403820
1.562625
0.070840
1.890460
2.782110
1.814567
1.233018
8.214122
5.649714
1.400265
10.819134
0.916993
1.036985
10.549080
2.560868
5.163838
2.184462
0.746139
2.788060
6.692656
0.337658
0.308123
3.094367
1.784426
1.276455
4.251225
1.496970
0.376930
0.893128
1.250376
2.869711
0.735334
1.264378
2.324628
5.373379
4.092932
1.386686
3.004762
1.037093
0.747326
0.312137
0.379509
3.325898
5.155676
2.352132
0.069195
6.052544
0.994195
4.023890
1.392274
0.142201
0.962049
7.423453
5.191712
2.383891
18.939640
3.036078
1.974863
0.664842
0.414684
0.689948
4.588388
1.344081
8.090768
1.027939
0.671133
0.222314
4.223475
0.039835
0.436613
4.255649
2.948928
4.847099
7.032403
5.122352
0.514853
3.114830
1.440816
1.733270
4.554987
0.409274
1.102735
4.501870
1.417557
4.849658
10.087902
1.437298
0.799823
0.354791
0.956233
4.092932
5.733434
2.545352
1.218910
0.975061
3.641669
0.059305
1.396704
1.231260
1.195282
2.001697
2.935057
8.639908
0.875330
12.247735
3.591391
0.660588
8.086650
0.863115
0.534623
1.613198
2.566641
2.276667
1.446031
0.703353
0.588873
1.062209
0.846864
4.604764
2.810959
1.690154
6.322759
2.482787
3.227092
4.145996
0.153817
1.263671
8.627863
1.609935
7.739990
5.063266
0.474851
1.440325
2.215269
5.670316
7.929045
3.671503
3.273726
3.096592
1.017873
1.409246
1.338578
0.550543
2.206272
3.235790
1.105176
3.903702
1.363474
1.155696
1.834115
2.295708
4.629266
0.115131
0.524106
3.243020
2.531817
2.436312
4.652776
1.059198
1.181564
0.677265
0.593312
0.082558
1.102824
0.743529
19.618518
4.080456
10.426536
2.369522
0.266778
0.099937
3.840391
8.908492
10.723919
5.282090
0.716738
7.997377
5.644039
5.049755
0.591791
4.142704
6.049134
0.423085
3.040929
1.775371
0.738807
2.386016
2.609884
4.851200
0.100096
2.168091
0.342119
2.475909
0.945433
1.624264
2.253423
4.195059
5.804107
5.468178
6.410384
0.475017
1.919455
6.134416
1.821601
0.232854
1.162213
1.088291
6.019348
0.041913
2.688845
4.240761
1.159843
0.125504
1.939709
3.256561
0.167254
0.380995
12.686678
2.789763
6.910807
0.843525
0.221903
4.472182
2.358800
9.671426
1.751454
2.674498
1.929509
1.732504
4.840886
0.494646
4.112590
2.314434
3.169044
4.704325
0.329841
0.125541
6.019708
0.634846
4.976229
0.186700
5.453313
1.622130
2.144260
0.801995
5.345654
0.506038
11.318276
2.740261
1.201872
1.437134
7.244071
3.348281
4.415069
3.026441
0.447227
3.848905
0.257220
0.059038
6.062579
0.457878
9.016252
5.685409
0.901244
3.112971
2.524967
2.155763
3.894650
0.385771
1.095765
2.933241
5.246058
3.878215
4.815010
1.519987
6.756850
3.847888
3.414084
6.725304
2.333413
3.838955
0.277853
0.194572
2.264540
0.099015
6.255168
4.095623
3.113760
2.882702
1.360887
1.201242
0.157223
0.779376
2.736768
1.541637
1.923057
4.632314
1.780515
0.060193
0.348550
0.257135
0.061947
0.102216
4.306840
0.282935
0.344639
0.668603
4.037569
2.043858
0.655443
9.839764
2.616708
0.669462
2.855349
1.881483
0.271161
1.636641
2.731052
3.278027
0.779965
0.264075
2.666559
0.414773
1.903918
6.854641
1.696908
0.798231
13.971004
2.471416
0.298878
3.313017
2.842520
0.839145
2.643586
3.037759
2.131567
4.672192
0.048251
0.643805
0.339774
0.093736
0.498951
3.076354
1.354119
0.738268
0.389879
1.638978
5.161682
2.763691
0.604520
3.740870
0.232741
1.801569
1.498554
0.519882
0.684794
4.586855
2.412820
5.109347
0.856141
1.201165
0.398499
7.815112
0.254523
1.067911
3.861510
3.203950
1.965207
2.991263
1.420326
2.369475
3.600067
0.321850
3.837164
5.044139
3.662498
6.024801
4.561063
0.006020
5.693893
9.216277
6.215192
0.168178
4.433097
3.049839
3.779728
0.832573
4.237832
0.703561
3.731251
2.231805
3.338864
0.971218
0.597623
5.561714
1.506866
1.356336
0.897009
0.640831
0.375543
4.323308
0.998384
0.202181
3.166973
6.327164
1.005505
0.572741
6.591343
5.324184
0.883977
1.372939
7.652548
4.226638
2.708910
5.461207
2.296703
8.167671
0.926690
1.561238
9.027466
3.577055
3.739150
0.562286
1.166421
1.090228
6.847356
5.027265
0.725155
2.620276
0.732002
1.735450
2.746558
1.219983
5.388942
0.679171
4.712951
0.074860
1.030360
1.180576
0.044287
1.629230
1.254340
6.434006
6.117618
6.969856
0.584602
0.145274
4.515659
2.498193
1.011457
8.176297
5.119905
0.236635
3.171172
1.706804
1.303473
3.221008
6.563152
4.674165
6.539651
0.980639
0.835362
4.274015
6.276398
6.382104
0.380961
4.983954
6.073339
0.640165
4.815039
1.050965
1.707247
0.272769
1.971266
1.355404
3.236490
0.030814
0.883700
2.270489
15.339479
4.004945
0.115969
7.309853
5.287092
2.394727
2.108255
3.907576
0.135325
5.636221
6.170619
5.880572
2.030779
8.083303
2.098060
10.679219
3.039177
3.050952
1.595878
2.479509
8.773399
0.768363
0.872702
4.474026
0.720698
3.497581
4.610238
1.583435
3.367568
0.270196
6.771541
4.050524
6.613375
3.556209
1.104746
2.468381
1.923755
3.634773
1.007794
2.841061
9.890641
4.071025
0.206539
17.038771
0.603102
1.428955
1.006534
0.988209
0.094723
1.982131
0.304853
10.866241
5.402987
0.416669
2.222301
1.231373
0.735450
1.766788
3.484277
1.498387
0.720719
10.147409
1.800204
4.301341
0.665116
3.466363
3.257158
9.266727
2.602722
3.133549
0.853103
0.712635
6.969963
3.239959
0.592013
1.839732
2.870999
0.189751
1.131551
3.283359
0.811802
2.995496
2.478539
6.207990
0.274087
3.033142
8.307476
6.669718
5.321609
0.294141
0.681155
1.947780
2.672853
3.339789
3.334262
0.965098
2.242266
10.715821
17.720090
0.528216
0.663939
2.161862
9.744386
1.220579
5.288949
0.954710
2.550475
0.785003
5.922584
8.597214
1.960060
3.924031
3.450454
4.646437
2.791113
1.421756
2.847880
1.424746
2.142615
3.103347
1.426240
4.584423
8.853545
0.280416
1.994832
1.699211
0.505314
4.027140
4.344665
7.653919
5.034171
1.982675
4.844608
2.477036
1.376538
0.290082
2.044612
4.040505
0.642703
1.462718
3.781382
4.720254
0.614032
0.033247
0.814768
1.049339
0.207297
1.029514
0.927232
1.078939
1.700785
0.035430
0.563737
0.043904
3.887259
0.834106
0.622754
1.648499
7.654395
8.849132
0.031172
0.092945
1.901820
0.417509
7.711352
1.240930
1.505640
8.904095
7.426889
5.255659
2.330630
2.796920
2.365502
6.206380
5.182988
0.529090
4.743696
0.490873
3.468154
0.000284
.350612
