2e-06	0.01854575999999998	0.0030291643544713746	92.72879999999991	15.145821772356873	
4e-06	0.03663856800000004	0.0041851755611176	183.1928400000002	20.925877805587998	
6e-06	0.05425120799999989	0.0050987310418118695	271.2560399999995	25.49365520905935	
8e-06	0.07150080600000007	0.005768808924757709	357.50403000000034	28.844044623788545	
9.999999999999999e-06	0.08879025600000004	0.006329645491373436	443.9512800000002	31.64822745686718	
1.2e-05	0.10517720399999991	0.007051667473043809	525.8860199999996	35.25833736521905	
1.4e-05	0.12256482599999995	0.007713395997206674	612.8241299999997	38.56697998603337	
1.6e-05	0.138604284	0.00802421711815825	693.02142	40.12108559079126	
1.8e-05	0.15386565600000005	0.008142563918181047	769.3282800000003	40.71281959090524	
1.9999999999999998e-05	0.1692830339999997	0.008549722705143375	846.4151699999985	42.74861352571688	
2.2e-05	0.18478448999999988	0.009094445358123829	923.9224499999995	45.472226790619146	
2.4e-05	0.2002392900000001	0.009570681095716219	1001.1964500000005	47.85340547858109	
2.6e-05	0.21545935199999994	0.010101107244460677	1077.2967599999997	50.50553622230339	
2.8e-05	0.22966172999999981	0.010059929702890576	1148.308649999999	50.299648514452876	
2.9999999999999997e-05	0.24476418000000003	0.010298901900668837	1223.8209000000002	51.49450950334419	
3.2e-05	0.2586545459999997	0.010885515606799895	1293.2727299999985	54.427578033999474	
3.4e-05	0.27305521200000005	0.011221097341840309	1365.2760600000001	56.10548670920154	
3.6e-05	0.28764493199999974	0.011326020739667398	1438.2246599999987	56.63010369833699	
3.7999999999999995e-05	0.30111490800000007	0.011259057392141496	1505.5745400000003	56.29528696070748	
3.9999999999999996e-05	0.31394385000000014	0.011708953171889453	1569.7192500000008	58.54476585944727	
4.2e-05	0.32760579599999995	0.011822519190696362	1638.0289799999998	59.112595953481815	
4.4e-05	0.3414120840000004	0.011994613550796208	1707.0604200000018	59.97306775398104	
4.6e-05	0.3541613219999999	0.01239329036730424	1770.8066099999994	61.966451836521195	
4.8e-05	0.3662282160000002	0.012718415384368608	1831.141080000001	63.59207692184304	
4.9999999999999996e-05	0.3794590799999999	0.011964956777590128	1897.2953999999995	59.824783887950645	
5.2e-05	0.3931808039999999	0.012972557255436706	1965.9040199999995	64.86278627718353	
5.4e-05	0.4047966899999994	0.0126025317281846	2023.983449999997	63.01265864092299	
5.6e-05	0.41701424399999915	0.01291976941080855	2085.0712199999957	64.59884705404275	
5.8e-05	0.4297673700000001	0.01318372062048875	2148.8368500000006	65.91860310244375	
5.9999999999999995e-05	0.4416855479999992	0.012631147255403829	2208.427739999996	63.15573627701914	
6.2e-05	0.45296366400000027	0.013300901273789857	2264.818320000001	66.50450636894928	
6.4e-05	0.4649236379999995	0.013653437269821699	2324.6181899999974	68.2671863491085	
6.599999999999999e-05	0.47634561000000003	0.013439484240248949	2381.72805	67.19742120124474	
6.8e-05	0.48843242999999903	0.013910190892547077	2442.162149999995	69.55095446273539	
7e-05	0.49914095399999986	0.014241387945487766	2495.7047699999994	71.20693972743884	
7.2e-05	0.5105420279999999	0.014341974426110803	2552.7101399999997	71.70987213055402	
7.4e-05	0.5220091979999995	0.014143788654274935	2610.0459899999973	70.71894327137468	
7.599999999999999e-05	0.5320980720000001	0.01404092687691291	2660.4903600000007	70.20463438456456	
7.8e-05	0.5436818819999997	0.014821095960760653	2718.4094099999984	74.10547980380326	
7.999999999999999e-05	0.5544720540000011	0.01441639093258379	2772.3602700000056	72.08195466291896	
8.2e-05	0.5651810640000002	0.014311492985845482	2825.905320000001	71.55746492922741	
8.4e-05	0.5755406400000009	0.015223769833730407	2877.7032000000045	76.11884916865203	
8.599999999999999e-05	0.5856635340000005	0.01455172171266492	2928.317670000002	72.7586085633246	
8.8e-05	0.5961159360000006	0.014700903324486706	2980.579680000003	73.50451662243353	
8.999999999999999e-05	0.60689979	0.015306452338014191	3034.49895	76.53226169007095	
9.2e-05	0.6177006539999995	0.015383376962171994	3088.5032699999974	76.91688481085997	
9.4e-05	0.6261560820000006	0.014801626332443201	3130.780410000003	74.008131662216	
9.6e-05	0.6360053580000001	0.015553993922585784	3180.026790000001	77.76996961292892	
9.8e-05	0.6453647460000003	0.015374931492513514	3226.8237300000014	76.87465746256757	
9.999999999999999e-05	0.6559755839999997	0.015438855131742892	3279.8779199999985	77.19427565871447	
0.000102	0.6646725540000005	0.015686275305026497	3323.3627700000025	78.43137652513248	
0.000104	0.6743667959999996	0.01580971224881667	3371.833979999998	79.04856124408334	
0.000106	0.6843749940000008	0.015452117284047632	3421.874970000004	77.26058642023816	
0.000108	0.6931468080000003	0.015079758617270218	3465.734040000001	75.39879308635109	
0.00010999999999999999	0.7018700220000001	0.015577719047778351	3509.3501100000008	77.88859523889175	
0.000112	0.7122198779999988	0.01586550904966862	3561.099389999994	79.3275452483431	
0.00011399999999999999	0.7212998159999999	0.015877908324654848	3606.4990799999996	79.38954162327424	
0.000116	0.7301343240000003	0.015866143038779906	3650.6716200000014	79.33071519389952	
0.000118	0.7380716759999998	0.015380072162867884	3690.358379999999	76.90036081433942	
0.00011999999999999999	0.7473134520000003	0.016232624635212137	3736.5672600000016	81.16312317606068	
0.000122	0.7559953559999997	0.01660968466050047	3779.976779999998	83.04842330250234	
0.000124	0.764621856000001	0.0160659602731758	3823.1092800000047	80.32980136587899	
0.000126	0.7731317160000002	0.0163175349611191	3865.6585800000007	81.5876748055955	
0.000128	0.7817941799999995	0.016910642888299656	3908.9708999999975	84.55321444149828	
0.00013	0.7891847820000002	0.016353076241749632	3945.923910000001	81.76538120874817	
0.00013199999999999998	0.7984790460000005	0.016051554254148847	3992.395230000003	80.25777127074424	
0.000134	0.8059542120000006	0.016354308263789554	4029.771060000003	81.77154131894778	
0.000136	0.8143454880000004	0.016669788211307775	4071.727440000002	83.34894105653888	
0.000138	0.8217278280000005	0.016733080897982186	4108.639140000003	83.66540448991093	
0.00014	0.8295276419999991	0.016435393273415644	4147.6382099999955	82.17696636707822	
0.00014199999999999998	0.8377147980000001	0.0168136667817343	4188.573990000001	84.06833390867149	
0.000144	0.8446208580000011	0.016737416586195004	4223.104290000006	83.68708293097502	
0.000146	0.8545892040000003	0.016985158396858824	4272.946020000001	84.92579198429411	
0.000148	0.8608022279999997	0.01645803531591833	4304.011139999999	82.29017657959164	
0.00015	0.8683357140000008	0.01692494842302938	4341.678570000004	84.6247421151469	
0.00015199999999999998	0.8764893360000008	0.0160850393210307	4382.446680000004	80.42519660515349	
0.000154	0.8830736639999989	0.017326683335223296	4415.368319999994	86.63341667611648	
0.000156	0.8909371439999999	0.017044626165782124	4454.6857199999995	85.22313082891061	
0.000158	0.8996642460000006	0.016963816452422623	4498.321230000003	84.81908226211311	
0.00015999999999999999	0.905629896000002	0.016502787521785026	4528.14948000001	82.51393760892513	
0.00016199999999999998	0.9121393800000005	0.01748564986357671	4560.696900000003	87.42824931788354	
0.000164	0.920079162	0.01680741685202566	4600.39581	84.0370842601283	
0.000166	0.9271786499999989	0.017672007722652785	4635.893249999995	88.36003861326394	
0.000168	0.9345750839999999	0.016917016809146465	4672.875419999999	84.58508404573233	
0.00016999999999999999	0.9404469359999988	0.01739138776279524	4702.234679999994	86.95693881397621	
0.00017199999999999998	0.948095603999999	0.017418184429933682	4740.478019999995	87.0909221496684	
0.000174	0.9536262840000003	0.017166895688136036	4768.1314200000015	85.83447844068017	
0.000176	0.9613050840000007	0.017065189247381457	4806.525420000004	85.32594623690728	
0.000178	0.9679749480000002	0.017110074862644417	4839.874740000001	85.5503743132221	
0.00017999999999999998	0.9752207219999994	0.017771936673382442	4876.103609999997	88.85968336691222	
0.00018199999999999998	0.9808763040000001	0.01683651802611172	4904.381520000001	84.1825901305586	
0.000184	0.9879471179999989	0.01711101047145013	4939.735589999995	85.55505235725064	
0.000186	0.9946626659999993	0.01712528316637258	4973.313329999996	85.6264158318629	
0.000188	1.0008654840000002	0.016790570379285663	5004.327420000001	83.95285189642831	
0.00018999999999999998	1.0067762160000002	0.017230608003008574	5033.881080000001	86.15304001504286	
0.000192	1.0139009759999986	0.017015368369783363	5069.504879999993	85.07684184891681	
0.000194	1.0183483620000013	0.016635662233676053	5091.741810000007	83.17831116838026	
0.000196	1.0254488220000004	0.016693066924454478	5127.244110000002	83.4653346222724	
0.000198	1.0303477019999996	0.017222730220821433	5151.738509999998	86.11365110410716	
0.00019999999999999998	1.0378374479999994	0.01779948693438369	5189.1872399999975	88.99743467191847	
0.000202	1.043796293999999	0.017007316783712936	5218.981469999995	85.0365839185647	
0.000204	1.0499529419999996	0.017631390041985807	5249.764709999998	88.15695020992904	
0.000206	1.055295054	0.01735734340332886	5276.475269999999	86.7867170166443	
0.000208	1.0615843799999996	0.0170175597858095	5307.921899999998	85.0877989290475	
0.00020999999999999998	1.0670222340000006	0.016969180057423042	5335.111170000003	84.8459002871152	
0.000212	1.0727954280000003	0.017533056031189077	5363.977140000001	87.66528015594537	
0.000214	1.0791766079999994	0.01696023868482801	5395.883039999997	84.80119342414005	
0.000216	1.0843073100000002	0.017566138892992418	5421.536550000001	87.83069446496208	
0.00021799999999999999	1.0888859159999995	0.015899005247906054	5444.429579999997	79.49502623953028	
0.00021999999999999998	1.0949249520000013	0.017112510493019293	5474.624760000006	85.56255246509646	
0.000222	1.1003477399999988	0.017520390324316418	5501.7386999999935	87.60195162158209	
0.000224	1.1063600459999994	0.016684773403372422	5531.800229999997	83.42386701686212	
0.000226	1.1118746879999983	0.01779603750835158	5559.373439999991	88.98018754175789	
0.00022799999999999999	1.117154106	0.01828758497934498	5585.770530000001	91.43792489672491	
0.00022999999999999998	1.1230575480000016	0.01715882089176572	5615.287740000008	85.7941044588286	
0.000232	1.1291150520000002	0.017994989083555915	5645.5752600000005	89.97494541777957	
0.000234	1.1335361939999988	0.01713819142332016	5667.680969999994	85.6909571166008	
0.000236	1.1390625000000005	0.01730843473148282	5695.312500000003	86.54217365741411	
0.00023799999999999998	1.144129050000001	0.01758866414249532	5720.645250000005	87.9433207124766	
0.00023999999999999998	1.1491985159999998	0.01735759572491954	5745.992579999999	86.78797862459771	
0.000242	1.1547330839999994	0.01679621880927206	5773.6654199999975	83.98109404636031	
0.000244	1.1585719979999998	0.017447220971031366	5792.859989999999	87.23610485515684	
0.00024599999999999996	1.163213784000001	0.01637144121527928	5816.068920000005	81.85720607639641	
0.000248	1.169632872	0.016708810730378637	5848.16436	83.5440536518932	
0.00025	1.1745847259999995	0.017618393004043355	5872.9236299999975	88.09196502021678	
0.000252	1.1788926300000007	0.017936178644491152	5894.463150000003	89.68089322245577	
0.000254	1.184074362000001	0.017474172483552854	5920.371810000004	87.37086241776426	
0.000256	1.1895802560000008	0.01795337930191594	5947.901280000005	89.7668965095797	
0.000258	1.1928024359999987	0.016871941477669485	5964.012179999993	84.35970738834742	
0.00026	1.198629089999998	0.017860481981623575	5993.14544999999	89.30240990811788	
0.00026199999999999997	1.2029063759999998	0.01724685575641613	6014.53188	86.23427878208065	
0.00026399999999999997	1.2077377020000015	0.017643953738864654	6038.688510000007	88.21976869432326	
0.000266	1.212513623999999	0.017065774565094432	6062.568119999994	85.32887282547216	
0.000268	1.217700215999999	0.018088622704488723	6088.5010799999945	90.4431135224436	
0.00027	1.2223128419999993	0.01714901662530644	6111.564209999997	85.74508312653221	
0.000272	1.2271188959999995	0.017535846477577985	6135.594479999997	87.67923238788993	
0.000274	1.2306487139999998	0.017274120536056363	6153.243569999999	86.37060268028182	
0.000276	1.2359995740000005	0.01713708856412092	6179.997870000003	85.68544282060459	
0.000278	1.2405723479999986	0.017554263999578438	6202.861739999993	87.77131999789219	
0.00028	1.2443213520000007	0.01658908000451188	6221.606760000003	82.9454000225594	
0.00028199999999999997	1.2483566099999992	0.017231491531956803	6241.783049999996	86.15745765978401	
0.00028399999999999996	1.2535563239999992	0.016982751371877994	6267.781619999996	84.91375685938998	
0.000286	1.2568674419999988	0.017096782282892763	6284.337209999994	85.48391141446382	
0.000288	1.261599138000002	0.01798458291106459	6307.99569000001	89.92291455532295	
0.00029	1.265745204000001	0.017930558874457415	6328.7260200000055	89.65279437228709	
0.000292	1.2711913200000016	0.01720534451644606	6355.956600000008	86.0267225822303	
0.000294	1.2729253680000003	0.01733535946280249	6364.626840000002	86.67679731401245	
0.000296	1.2785770619999999	0.0180768319732235	6392.88531	90.38415986611751	
0.000298	1.2837169979999983	0.01702442496626525	6418.584989999991	85.12212483132626	
0.0003	1.2870378360000014	0.017454390257958127	6435.189180000008	87.27195128979065	
0.00030199999999999997	1.2906420119999993	0.01754411423560209	6453.210059999997	87.72057117801046	
0.00030399999999999996	1.2951034920000002	0.016741048054585338	6475.517460000001	83.70524027292669	
0.000306	1.3002813360000003	0.017398592457756584	6501.406680000001	86.99296228878292	
0.000308	1.3023361440000012	0.01730329534705063	6511.680720000006	86.51647673525315	
0.00031	1.3063150259999974	0.01752287890637047	6531.575129999987	87.61439453185235	
0.000312	1.3115487600000018	0.01772570924568041	6557.743800000009	88.62854622840206	
0.000314	1.3145454359999995	0.017370810249666094	6572.727179999997	86.85405124833046	
0.000316	1.3176718739999984	0.017281041446282223	6588.359369999992	86.40520723141111	
0.000318	1.3219545059999986	0.01781062335225704	6609.772529999993	89.0531167612852	
0.00031999999999999997	1.3258638900000002	0.018083718288225446	6629.319450000001	90.41859144112723	
0.00032199999999999997	1.330188317999999	0.017295543263825965	6650.941589999995	86.47771631912984	
0.00032399999999999996	1.3335572699999991	0.017095722511292127	6667.786349999996	85.47861255646063	
0.000326	1.3367361959999988	0.01733324163870061	6683.680979999994	86.66620819350304	
0.000328	1.3410358380000003	0.01712853280610328	6705.179190000001	85.64266403051639	
0.00033	1.3445194859999998	0.01688704193006593	6722.597429999999	84.43520965032964	
0.000332	1.348415748000001	0.017209668833550993	6742.0787400000045	86.04834416775496	
0.000334	1.3520165219999993	0.016907001018853573	6760.082609999997	84.53500509426786	
0.000336	1.3552537679999999	0.017367659008691323	6776.268839999999	86.83829504345661	
0.000338	1.3583529900000026	0.017619023460336846	6791.764950000013	88.09511730168424	
0.00033999999999999997	1.3621238639999997	0.016996982883014992	6810.619319999999	84.98491441507495	
0.00034199999999999996	1.3654369259999983	0.017487927290863358	6827.184629999992	87.4396364543168	
0.00034399999999999996	1.3697754479999988	0.01709340816687227	6848.877239999994	85.46704083436136	
0.000346	1.3727891340000005	0.018111254370861318	6863.945670000003	90.55627185430659	
0.000348	1.377109674	0.017819616108146804	6885.5483699999995	89.09808054073402	
0.00035	1.3789827179999992	0.017585911383390863	6894.913589999996	87.92955691695433	
0.000352	1.3828619700000007	0.01749591208102911	6914.309850000003	87.47956040514555	
0.000354	1.3873584419999976	0.017563668778949243	6936.792209999988	87.8183438947462	
0.000356	1.3898856419999996	0.017663018551420825	6949.428209999998	88.31509275710413	
0.000358	1.3919360759999984	0.01756132364972025	6959.680379999992	87.80661824860125	
0.00035999999999999997	1.3954066020000016	0.016862464253411962	6977.033010000007	84.3123212670598	
0.00036199999999999996	1.3997830320000004	0.017854194481717045	6998.915160000002	89.27097240858524	
0.00036399999999999996	1.4022135179999986	0.017513687069137553	7011.067589999993	87.56843534568776	
0.000366	1.4056174619999977	0.017573022859899666	7028.087309999988	87.86511429949833	
0.000368	1.4094126359999992	0.017320110820531868	7047.0631799999965	86.60055410265934	
0.00037	1.4135032980000006	0.01697202705746122	7067.516490000003	84.86013528730611	
0.000372	1.4154424380000008	0.016745034689846294	7077.212190000004	83.72517344923146	
0.000374	1.418588315999999	0.017715131088088067	7092.941579999995	88.57565544044034	
0.000376	1.4214250979999983	0.017577706633528627	7107.125489999991	87.88853316764315	
0.00037799999999999997	1.424655539999999	0.017565104353473096	7123.277699999995	87.82552176736549	
0.00037999999999999997	1.428998922	0.01773441949774269	7144.99461	88.67209748871345	
0.00038199999999999996	1.4311042740000015	0.017315660430515606	7155.521370000008	86.57830215257803	
0.000384	1.4351341859999998	0.01700297653734205	7175.670929999998	85.01488268671025	
0.000386	1.4380788599999996	0.017648224607036276	7190.394299999998	88.24112303518137	
0.000388	1.4401837260000012	0.017617072442177337	7200.918630000006	88.08536221088669	
0.00039	1.4428368000000016	0.017460147766385013	7214.1840000000075	87.30073883192506	
0.000392	1.4469012180000014	0.016981666423307094	7234.506090000007	84.90833211653548	
0.000394	1.450330434	0.017087714655144595	7251.65217	85.43857327572297	
0.000396	1.4528143799999993	0.0172950807745902	7264.071899999996	86.47540387295099	
0.00039799999999999997	1.4559296399999995	0.017533519470499942	7279.648199999998	87.66759735249971	
0.00039999999999999996	1.458195858	0.017458217193053713	7290.97929	87.29108596526856	
0.00040199999999999996	1.4607459000000012	0.017066113345398832	7303.729500000006	85.33056672699416	
0.000404	1.4638956660000004	0.017057505004086735	7319.478330000002	85.28752502043368	
0.000406	1.4664214079999995	0.01728883380386126	7332.107039999998	86.44416901930629	
0.000408	1.4698851300000007	0.01816818536098474	7349.425650000003	90.84092680492368	
0.00041	1.4717897640000004	0.0173408186438906	7358.948820000002	86.70409321945301	
0.000412	1.473468893999999	0.0169493484817784	7367.3444699999945	84.746742408892	
0.000414	1.4782768920000005	0.01749427674813497	7391.384460000002	87.47138374067484	
0.000416	1.4804813880000007	0.01769767138878603	7402.4069400000035	88.48835694393014	
0.00041799999999999997	1.4828856299999995	0.01707676323414657	7414.428149999997	85.38381617073284	
0.00041999999999999996	1.485075060000002	0.016798833771556883	7425.37530000001	83.99416885778442	
0.00042199999999999996	1.4892002279999985	0.017673053017631574	7446.001139999992	88.36526508815786	
0.000424	1.490968782	0.01689577047051942	7454.84391	84.4788523525971	
0.000426	1.4936310899999978	0.01662645546518862	7468.155449999989	83.1322773259431	
0.000428	1.4964785639999985	0.018512260723366647	7482.392819999993	92.56130361683324	
0.00043	1.498402152000001	0.016947640033730248	7492.010760000005	84.73820016865123	
0.000432	1.501056198000002	0.017038312674111707	7505.280990000009	85.19156337055854	
0.000434	1.504407654000002	0.017015219387721218	7522.03827000001	85.0760969386061	
0.00043599999999999997	1.5058671120000002	0.017486506492363073	7529.335560000001	87.43253246181537	
0.00043799999999999997	1.5093313200000003	0.01702776166387116	7546.656600000001	85.13880831935579	
0.00043999999999999996	1.5114818700000008	0.0170530119885931	7557.4093500000035	85.2650599429655	
0.00044199999999999996	1.5139599840000002	0.017002619974808127	7569.799920000001	85.01309987404063	
0.000444	1.516603338000001	0.01755511861896001	7583.016690000005	87.77559309480004	
0.000446	1.5197409539999989	0.017857371995394087	7598.704769999994	89.28685997697043	
0.000448	1.5206672700000015	0.017145402059301505	7603.336350000007	85.72701029650752	
0.00045	1.5242680439999996	0.01738580811622124	7621.340219999998	86.92904058110621	
0.000452	1.525660919999999	0.0172303937192857	7628.304599999996	86.1519685964285	
0.000454	1.5289569720000031	0.017284444950972977	7644.784860000015	86.42222475486487	
0.00045599999999999997	1.528085088000002	0.017155694924550734	7640.42544000001	85.77847462275366	
0.00045799999999999997	1.5336789479999995	0.017309082754591486	7668.394739999998	86.54541377295743	
0.00045999999999999996	1.5351651360000012	0.017064468541314267	7675.825680000006	85.32234270657133	
0.00046199999999999995	1.5383139300000004	0.01707481980810047	7691.569650000002	85.37409904050236	
0.000464	1.540071792	0.01726525938214469	7700.3589600000005	86.32629691072344	
0.000466	1.5429892499999995	0.017211135238835926	7714.946249999998	86.05567619417964	
0.000468	1.5462230940000001	0.017256183752358562	7731.115470000001	86.28091876179282	
0.00047	1.547643672	0.01644277915500953	7738.21836	82.21389577504765	
0.000472	1.5501976020000001	0.017304624614639764	7750.988010000001	86.52312307319882	
0.000474	1.5524293139999998	0.016742340955714766	7762.146569999999	83.71170477857383	
0.00047599999999999997	1.5541988400000006	0.017465411961657257	7770.994200000003	87.3270598082863	
0.00047799999999999996	1.555741890000001	0.017210328281584315	7778.709450000005	86.05164140792157	
0.00047999999999999996	1.559486034	0.017451651907451165	7797.4301700000005	87.25825953725582	
0.00048199999999999995	1.5617828699999987	0.017829338896299566	7808.914349999994	89.14669448149783	
0.000484	1.5641759340000012	0.01645532442000595	7820.879670000006	82.27662210002974	
0.000486	1.5660382860000008	0.017042866275665133	7830.191430000004	85.21433137832567	
0.000488	1.5670413900000026	0.01728187418562872	7835.206950000013	86.4093709281436	
0.00049	1.5695637300000043	0.01650966374930454	7847.818650000021	82.54831874652268	
0.0004919999999999999	1.5719329799999981	0.01663379357114908	7859.664899999991	83.16896785574541	
0.000494	1.5749510400000004	0.017123500847385148	7874.755200000002	85.61750423692575	
0.000496	1.5763745339999995	0.017209857978229933	7881.872669999998	86.04928989114966	
0.000498	1.5780837960000007	0.01682641637017174	7890.418980000003	84.13208185085871	
0.0005	1.580568228	0.016982573014829524	7902.8411399999995	84.9128650741476	
0.000502	1.5826896179999985	0.01700384773120707	7913.448089999993	85.01923865603534	
0.000504	1.585146347999999	0.016827226803216758	7925.731739999995	84.13613401608377	
0.0005059999999999999	1.5868862280000002	0.01638456432512063	7934.4311400000015	81.92282162560316	
0.000508	1.5885677879999984	0.01708378857569525	7942.838939999992	85.41894287847626	
0.0005099999999999999	1.5905166480000021	0.017462486390319578	7952.583240000011	87.3124319515979	
0.000512	1.5934671539999983	0.01707438339900693	7967.3357699999915	85.37191699503465	
0.000514	1.5951083759999987	0.016627085980971647	7975.541879999993	83.13542990485824	
0.000516	1.5968978279999981	0.01735241337781049	7984.489139999991	86.76206688905245	
0.000518	1.5987650400000002	0.016784968146243258	7993.825200000001	83.92484073121628	
0.00052	1.6009321139999995	0.016627530997685862	8004.660569999997	83.13765498842932	
0.000522	1.6025373719999982	0.017000293865860553	8012.686859999991	85.00146932930276	
0.0005239999999999999	1.6050976199999998	0.016446810867751845	8025.488099999999	82.23405433875922	
0.000526	1.6055282160000013	0.017477419966383592	8027.641080000007	87.38709983191798	
0.0005279999999999999	1.608627924000001	0.01718141389578356	8043.1396200000045	85.9070694789178	
0.00053	1.6098701400000024	0.016176427320653962	8049.350700000012	80.88213660326981	
0.000532	1.6133965559999994	0.01686023228863897	8066.982779999997	84.30116144319483	
0.000534	1.6151320619999994	0.01703565888083451	8075.660309999997	85.17829440417256	
0.000536	1.615829958	0.016518695966759502	8079.1497899999995	82.5934798337975	
0.000538	1.6188762060000006	0.01656916884824234	8094.381030000003	82.84584424121171	
0.00054	1.619579448	0.0166897026135068	8097.89724	83.44851306753401	
0.000542	1.6217834580000026	0.017131710191987122	8108.917290000013	85.65855095993561	
0.000544	1.6244506260000011	0.017159722789955666	8122.2531300000055	85.79861394977833	
0.0005459999999999999	1.625374512000001	0.017094771668608386	8126.872560000004	85.47385834304193	
0.000548	1.6282190700000005	0.017232514060899522	8141.095350000003	86.1625703044976	
0.0005499999999999999	1.6296508260000009	0.016363588381822718	8148.254130000005	81.8179419091136	
0.000552	1.6323354899999987	0.01637965487084207	8161.677449999994	81.89827435421034	
0.000554	1.632959028000002	0.016612685685560197	8164.795140000009	83.06342842780097	
0.000556	1.6350002279999998	0.016200143502204414	8175.0011399999985	81.00071751102206	
0.000558	1.6353938880000007	0.017056467115890584	8176.9694400000035	85.28233557945292	
0.00056	1.6378525620000006	0.016960247702205195	8189.262810000003	84.80123851102596	
0.000562	1.640924568	0.016295033229956173	8204.62284	81.47516614978086	
0.0005639999999999999	1.6409435220000006	0.017149084664538707	8204.717610000003	85.74542332269354	
0.000566	1.6430965019999981	0.01681258365701108	8215.48250999999	84.0629182850554	
0.0005679999999999999	1.6453598040000008	0.01658084857398992	8226.799020000004	82.90424286994961	
0.00057	1.6471171799999997	0.016882013626330263	8235.585899999998	84.41006813165131	
0.000572	1.6483977900000015	0.01706247492528266	8241.988950000008	85.3123746264133	
0.000574	1.6501741199999986	0.016893304073555274	8250.870599999993	84.46652036777637	
0.000576	1.6519246919999986	0.016762910874938624	8259.623459999993	83.81455437469313	
0.000578	1.6533817200000012	0.01652211020958278	8266.908600000006	82.6105510479139	
0.00058	1.6551011880000013	0.017262625837243195	8275.505940000006	86.31312918621596	
0.0005819999999999999	1.6563924900000002	0.015987307958124166	8281.96245	79.93653979062081	
0.000584	1.6585780320000005	0.01681753164073064	8292.890160000003	84.0876582036532	
0.0005859999999999999	1.660192038000001	0.01609321991804486	8300.960190000005	80.4660995902243	
0.000588	1.6613195579999993	0.016543945345190065	8306.597789999996	82.71972672595032	
0.0005899999999999999	1.6625642040000017	0.016568898318910175	8312.821020000009	82.84449159455087	
0.000592	1.6653737699999984	0.016766337723876954	8326.868849999992	83.83168861938476	
0.000594	1.6655404680000032	0.01607394254627585	8327.702340000016	80.36971273137925	
0.000596	1.6672633380000024	0.015771932632044676	8336.316690000012	78.85966316022339	
0.000598	1.6693259220000003	0.016501464758436342	8346.629610000002	82.50732379218172	
0.0006	1.6719916319999992	0.016831371142024525	8359.958159999996	84.15685571012264	
0.000602	1.6730336160000006	0.017272087625893502	8365.168080000003	86.36043812946752	
0.0006039999999999999	1.674041580000001	0.016539338331130457	8370.207900000005	82.69669165565229	
0.000606	1.676571695999998	0.016878258056197158	8382.85847999999	84.3912902809858	
0.0006079999999999999	1.6779475620000024	0.016722959238010347	8389.737810000011	83.61479619005173	
0.00061	1.6790493240000004	0.01666677068369948	8395.246620000002	83.3338534184974	
0.000612	1.6805010059999974	0.016156492067028776	8402.505029999988	80.78246033514388	
0.000614	1.6823128140000005	0.01627409007267084	8411.564070000002	81.37045036335421	
0.000616	1.6825319999999997	0.01654966659555413	8412.659999999998	82.74833297777066	
0.000618	1.684863828	0.01618577887685408	8424.31914	80.9288943842704	
0.00062	1.6871072040000004	0.016075764893975775	8435.536020000001	80.37882446987888	
0.0006219999999999999	1.6878580739999982	0.016559078546058172	8439.290369999992	82.79539273029087	
0.000624	1.6894958940000007	0.01680749869697346	8447.479470000004	84.0374934848673	
0.0006259999999999999	1.691181828	0.016611556753128715	8455.90914	83.05778376564358	
0.000628	1.6922495699999989	0.016671776294657402	8461.247849999994	83.358881473287	
0.0006299999999999999	1.6940093760000021	0.016722613428128513	8470.04688000001	83.61306714064256	
0.000632	1.6945561260000006	0.016418500812319096	8472.780630000003	82.09250406159548	
0.000634	1.6963902900000007	0.016657112236396196	8481.951450000004	83.28556118198098	
0.000636	1.6990380180000004	0.01610646550835026	8495.190090000002	80.5323275417513	
0.000638	1.6995609539999994	0.01648065684267115	8497.804769999997	82.40328421335575	
0.0006399999999999999	1.7006510519999982	0.016732059468376758	8503.25525999999	83.66029734188379	
0.000642	1.7018573040000013	0.016604197674431127	8509.286520000007	83.02098837215563	
0.0006439999999999999	1.7034076439999986	0.01649943791579771	8517.038219999993	82.49718957898857	
0.000646	1.7055591659999998	0.016280897279586405	8527.79583	81.40448639793203	
0.0006479999999999999	1.7068076999999984	0.016682331397679377	8534.038499999991	83.41165698839689	
0.00065	1.7078613480000007	0.016006645000339575	8539.306740000004	80.03322500169787	
0.000652	1.7096469119999997	0.015917911459492902	8548.234559999999	79.58955729746451	
0.000654	1.7106057899999993	0.015676794470040743	8553.028949999996	78.3839723502037	
0.000656	1.7122023000000004	0.01607421397785909	8561.011500000002	80.37106988929546	
0.000658	1.7122669380000013	0.016361271464166705	8561.334690000007	81.80635732083353	
0.00066	1.71457398	0.016095239230020788	8572.8699	80.47619615010395	
0.0006619999999999999	1.7156441520000012	0.01624819877773828	8578.220760000006	81.24099388869139	
0.000664	1.7167415399999977	0.01593484168218814	8583.707699999988	79.6742084109407	
0.0006659999999999999	1.718846406	0.01638940992150611	8594.23203	81.94704960753056	
0.000668	1.7203325940000007	0.01661869988907566	8601.662970000003	83.0934994453783	
0.00067	1.7221040639999978	0.016476304766661218	8610.520319999989	82.38152383330609	
0.000672	1.7234274420000009	0.01598110623845033	8617.137210000004	79.90553119225166	
0.000674	1.7228048759999994	0.016617377241448905	8614.024379999997	83.08688620724453	
0.000676	1.725147395999996	0.01613547376791845	8625.73697999998	80.67736883959225	
0.000678	1.7254443419999992	0.016636687878031367	8627.221709999996	83.18343939015683	
0.0006799999999999999	1.727512758	0.01593360610274511	8637.56379	79.66803051372557	
0.000682	1.7290596959999966	0.0157589522769626	8645.298479999983	78.79476138481299	
0.0006839999999999999	1.7296414380000027	0.016298678705470453	8648.207190000014	81.49339352735227	
0.000686	1.7308924020000003	0.016241985855011565	8654.462010000001	81.20992927505783	
0.0006879999999999999	1.731966462	0.016581298050953545	8659.83231	82.90649025476772	
0.00069	1.7343439740000002	0.01640770922960681	8671.71987	82.03854614803404	
0.000692	1.7352955620000023	0.016614871636583785	8676.477810000011	83.07435818291893	
0.000694	1.7360527499999985	0.016360072226781305	8680.263749999993	81.80036113390652	
0.000696	1.7373095460000012	0.015189031631472893	8686.547730000006	75.94515815736447	
0.0006979999999999999	1.7383150800000002	0.015728086350271616	8691.575400000002	78.6404317513581	
0.0007	1.7405506800000003	0.016539627516047622	8702.753400000001	82.69813758023811	
0.0007019999999999999	1.7408481120000026	0.01618146422927963	8704.240560000013	80.90732114639815	
0.000704	1.7424990539999998	0.016521338785615534	8712.49527	82.60669392807768	
0.0007059999999999999	1.7446014899999998	0.016184382131422266	8723.00745	80.92191065711134	
0.000708	1.7451049860000003	0.016229875215533957	8725.524930000001	81.14937607766977	
0.00071	1.7462660400000023	0.016543160162145545	8731.330200000011	82.71580081072773	
0.000712	1.747836792	0.016385622552125882	8739.18396	81.92811276062942	
0.000714	1.7469119339999986	0.01668500386765444	8734.559669999993	83.42501933827222	
0.000716	1.7498444579999992	0.016251799240768264	8749.222289999996	81.25899620384132	
0.000718	1.7500665600000023	0.016698640334542207	8750.332800000011	83.49320167271104	
0.0007199999999999999	1.7522044740000016	0.016618514839158282	8761.022370000008	83.09257419579141	
0.000722	1.752960203999999	0.015861260610127544	8764.801019999995	79.30630305063774	
0.0007239999999999999	1.7544920759999998	0.016431685471497554	8772.460379999999	82.15842735748777	
0.000726	1.7554674779999973	0.015888392328348266	8777.337389999986	79.44196164174133	
0.0007279999999999999	1.755975833999999	0.015821556931997695	8779.879169999995	79.10778465998848	
0.00073	1.7569556100000006	0.01619772290971483	8784.778050000003	80.98861454857415	
0.000732	1.758963275999999	0.01581415356507655	8794.816379999995	79.07076782538275	
0.000734	1.7594585099999993	0.015317450788949818	8797.292549999996	76.5872539447491	
0.000736	1.7606506679999996	0.01607396311834064	8803.253339999997	80.3698155917032	
0.0007379999999999999	1.7614219499999992	0.016490527689843666	8807.109749999996	82.45263844921834	
0.00074	1.7630553960000002	0.016110100271915888	8815.27698	80.55050135957944	
0.0007419999999999999	1.764690785999998	0.016370745334840554	8823.45392999999	81.85372667420278	
0.000744	1.7656107840000008	0.01651900247815659	8828.053920000004	82.59501239078295	
0.0007459999999999999	1.7657833139999974	0.015811900759788618	8828.916569999987	79.05950379894308	
0.000748	1.766984219999998	0.015710697775706838	8834.92109999999	78.55348887853418	
0.00075	1.768717296	0.016559462131856325	8843.58648	82.79731065928162	
0.000752	1.7693899200000014	0.015634625287534062	8846.949600000007	78.17312643767032	
0.000754	1.771532693999999	0.01598065521467639	8857.663469999994	79.90327607338196	
0.0007559999999999999	1.7715846959999977	0.015491072210650363	8857.923479999989	77.45536105325182	
0.000758	1.7716838399999986	0.01576810803661617	8858.419199999993	78.84054018308086	
0.0007599999999999999	1.773991367999998	0.015671873556169835	8869.95683999999	78.35936778084918	
0.000762	1.7747053019999992	0.015640982261379735	8873.526509999996	78.20491130689867	
0.0007639999999999999	1.7747028720000018	0.01693869247113293	8873.514360000008	84.69346235566464	
0.000766	1.7762813999999996	0.015869369840040906	8881.406999999997	79.34684920020453	
0.000768	1.7777214180000003	0.01584212576371228	8888.607090000001	79.21062881856139	
0.00077	1.777457519999998	0.01645034693401935	8887.28759999999	82.25173467009675	
0.000772	1.7797980959999997	0.015188207630618672	8898.990479999999	75.94103815309336	
0.000774	1.7808692399999975	0.015428539803053275	8904.346199999987	77.14269901526637	
0.000776	1.7821041659999992	0.015484533846146098	8910.520829999996	77.42266923073049	
0.0007779999999999999	1.782050705999996	0.015978676034063777	8910.25352999998	79.89338017031888	
0.00078	1.7829410579999994	0.016680773123468714	8914.705289999996	83.40386561734357	
0.0007819999999999999	1.7848534679999986	0.016023874419034093	8924.267339999993	80.11937209517046	
0.000784	1.7856680040000021	0.015658526338068465	8928.34002000001	78.29263169034233	
0.0007859999999999999	1.7864878859999993	0.016101680947745917	8932.439429999997	80.50840473872958	
0.000788	1.7866259099999977	0.01557343586225918	8933.129549999989	77.8671793112959	
0.00079	1.788512562000001	0.016105973354509046	8942.562810000005	80.52986677254523	
0.000792	1.7890267499999948	0.015346533168422757	8945.133749999974	76.73266584211379	
0.000794	1.7897931719999978	0.015662485373988875	8948.96585999999	78.31242686994439	
0.0007959999999999999	1.7907510780000016	0.015780309021876465	8953.755390000008	78.90154510938233	
0.000798	1.7923898700000012	0.015654126954994973	8961.949350000006	78.27063477497487	
0.0007999999999999999	1.7933283359999994	0.015699480777882562	8966.641679999997	78.49740388941281	
0.000802	1.7939509020000002	0.0158927866892624	8969.75451	79.46393344631198	
0.0008039999999999999	1.7945608319999988	0.015668687152782648	8972.804159999994	78.34343576391323	
0.000806	1.7954195940000008	0.01601832082457971	8977.097970000004	80.09160412289854	
0.000808	1.7970336000000011	0.015881183153908903	8985.168000000005	79.40591576954452	
0.00081	1.7976707459999988	0.01593956331169345	8988.353729999993	79.69781655846724	
0.000812	1.7991651959999988	0.01629061418736519	8995.825979999994	81.45307093682597	
0.0008139999999999999	1.799863092000001	0.015926642786210025	8999.315460000005	79.63321393105012	
0.000816	1.8003301380000005	0.01609394199743977	9001.650690000002	80.46970998719884	
0.0008179999999999999	1.8011125980000011	0.015505600943865269	9005.562990000006	77.52800471932635	
0.00082	1.8025040159999992	0.015795114127341518	9012.520079999997	78.97557063670759	
0.0008219999999999999	1.8022148460000005	0.015971063881416402	9011.074230000002	79.855319407082	
0.000824	1.8014897339999991	0.01594118256483012	9007.448669999996	79.7059128241506	
0.0008259999999999999	1.8045836100000023	0.01630521507652994	9022.918050000011	81.52607538264971	
0.000828	1.805253804	0.0159289108215717	9026.26902	79.64455410785851	
0.00083	1.8060367500000007	0.016106595612776144	9030.183750000004	80.53297806388072	
0.000832	1.8067672080000015	0.016403300015690032	9033.836040000007	82.01650007845015	
0.000834	1.8083617740000004	0.016181280185724605	9041.808870000003	80.90640092862304	
0.0008359999999999999	1.8093459240000014	0.015188488639565942	9046.729620000007	75.94244319782972	
0.000838	1.8094484700000004	0.016274179882719134	9047.242350000002	81.37089941359568	
0.0008399999999999999	1.8103548600000001	0.01601142397178965	9051.774300000001	80.05711985894824	
0.000842	1.8119222099999992	0.015579872751723641	9059.611049999996	77.89936375861821	
0.0008439999999999999	1.8124193880000017	0.015687229597397226	9062.096940000009	78.43614798698614	
0.000846	1.8134890740000003	0.01593493372294107	9067.445370000001	79.67466861470534	
0.000848	1.8135668340000008	0.016461529821630915	9067.834170000004	82.30764910815458	
0.00085	1.8156721860000005	0.015581986140200644	9078.360930000003	77.90993070100322	
0.000852	1.8159987780000013	0.015704004459713962	9079.993890000007	78.52002229856983	
0.0008539999999999999	1.816794845999998	0.016096778399179244	9083.97422999999	80.48389199589623	
0.000856	1.818130373999998	0.01593207716577233	9090.65186999999	79.66038582886164	
0.0008579999999999999	1.8175486319999992	0.016165974970677642	9087.743159999996	80.82987485338822	
0.00086	1.8192758759999983	0.015276906127113042	9096.379379999991	76.38453063556521	
0.0008619999999999999	1.8203261220000022	0.015234106037083894	9101.630610000011	76.17053018541947	
0.000864	1.8207333899999982	0.015281031573290447	9103.666949999992	76.40515786645224	
0.0008659999999999999	1.8227269620000013	0.0158369116978834	9113.634810000007	79.18455848941699	
0.000868	1.8211056660000025	0.015268120177036992	9105.528330000012	76.34060088518495	
0.00087	1.823252327999999	0.015302902154703063	9116.261639999995	76.51451077351531	
0.0008719999999999999	1.8247837140000018	0.0159623176405622	9123.918570000009	79.811588202811	
0.000874	1.8250826039999997	0.01605181856722734	9125.413019999998	80.2590928361367	
0.0008759999999999999	1.8246597839999987	0.01576378188637944	9123.298919999994	78.8189094318972	
0.000878	1.8264604140000007	0.015896247990787135	9132.302070000003	79.48123995393567	
0.0008799999999999999	1.8279504900000003	0.015366523620256443	9139.752450000002	76.83261810128222	
0.000882	1.8276379919999985	0.0154122762240993	9138.189959999992	77.06138112049649	
0.0008839999999999999	1.828722257999999	0.016007531191580913	9143.611289999995	80.03765595790456	
0.000886	1.8291149459999994	0.015365039527091512	9145.574729999997	76.82519763545756	
0.000888	1.8296607239999971	0.015601048476170573	9148.303619999986	78.00524238085286	
0.00089	1.830846077999999	0.015932997427411978	9154.230389999995	79.66498713705988	
0.000892	1.8311984279999987	0.016184001374963362	9155.992139999993	80.92000687481682	
0.0008939999999999999	1.8322729739999999	0.015270945334697663	9161.36487	76.35472667348832	
0.000896	1.833058349999998	0.01593787613810259	9165.29174999999	79.68938069051295	
0.0008979999999999999	1.8345411360000006	0.01556855940996163	9172.705680000003	77.84279704980815	
0.0009	1.834335558000002	0.015561719931698956	9171.67779000001	77.80859965849478	
0.0009019999999999999	1.8353483819999987	0.015592634462786439	9176.741909999993	77.96317231393219	
0.000904	1.8355874940000028	0.015784797875549886	9177.937470000013	78.92398937774942	
0.000906	1.8372826620000007	0.015553921942897734	9186.413310000004	77.76960971448867	
0.000908	1.8375519059999998	0.01591657166814398	9187.75953	79.5828583407199	
0.00091	1.838517588	0.015432395941727779	9192.58794	77.1619797086389	
0.0009119999999999999	1.8391202279999965	0.01574097503549307	9195.601139999982	78.70487517746535	
0.000914	1.8387751680000015	0.01616385043718778	9193.875840000008	80.8192521859389	
0.0009159999999999999	1.8405359460000004	0.015848553734681418	9202.679730000002	79.24276867340708	
0.000918	1.841630418000002	0.01573093663979599	9208.15209000001	78.65468319897995	
0.0009199999999999999	1.8428483340000006	0.015692802575335087	9214.241670000003	78.46401287667544	
0.000922	1.8431020260000004	0.01556391852418034	9215.510130000002	77.8195926209017	
0.0009239999999999999	1.8427146840000008	0.01614183841909414	9213.573420000004	80.7091920954707	
0.000926	1.844415197999998	0.015302984382949462	9222.07598999999	76.51492191474732	
0.000928	1.8446066819999993	0.015500244723838255	9223.033409999996	77.50122361919128	
0.0009299999999999999	1.8448317000000007	0.015338990766474806	9224.158500000003	76.69495383237403	
0.000932	1.8460432980000012	0.015746570631575488	9230.216490000006	78.73285315787743	
0.0009339999999999999	1.8463519079999995	0.015423774253519668	9231.759539999997	77.11887126759834	
0.000936	1.847190258	0.015024288854033499	9235.951289999999	75.12144427016749	
0.0009379999999999999	1.848745457999998	0.014916566359260957	9243.72728999999	74.58283179630477	
0.00094	1.8494321759999959	0.01553512470040147	9247.16087999998	77.67562350200735	
0.0009419999999999999	1.8505869119999991	0.015736457381007204	9252.934559999996	78.68228690503601	
0.000944	1.8511968420000005	0.016138938187843583	9255.984210000002	80.69469093921792	
0.000946	1.8504872820000018	0.015155459650451909	9252.43641000001	75.77729825225954	
0.000948	1.8526145040000004	0.015981027262913457	9263.072520000002	79.90513631456727	
0.00095	1.8521158680000018	0.015661738576498344	9260.57934000001	78.30869288249173	
0.0009519999999999999	1.8530645400000016	0.01583220546393965	9265.322700000008	79.16102731969823	
0.000954	1.8529444979999972	0.015878755380066664	9264.722489999986	79.39377690033331	
0.0009559999999999999	1.8536822460000006	0.015768757220766778	9268.411230000003	78.84378610383389	
0.000958	1.854714023999999	0.016110407717727815	9273.570119999995	80.55203858863906	
0.0009599999999999999	1.855260773999999	0.015278897951780557	9276.303869999994	76.3944897589028	
0.000962	1.8556835939999994	0.015652891044122298	9278.417969999997	78.26445522061148	
0.0009639999999999999	1.8562838039999998	0.016393651001823356	9281.41902	81.96825500911677	
0.000966	1.8567071100000037	0.01627895994159028	9283.535550000019	81.3947997079514	
0.000968	1.858519404	0.01589119678705111	9292.59702	79.45598393525555	
0.0009699999999999999	1.8588182939999967	0.01584797905240803	9294.091469999983	79.23989526204015	
0.000972	1.858679784000003	0.015140915353879512	9293.398920000016	75.70457676939756	
0.0009739999999999999	1.860141185999998	0.01548848983824453	9300.70592999999	77.44244919122265	
0.000976	1.860892056	0.015600357634005179	9304.46028	78.00178817002589	
0.000978	1.861271136000001	0.01554618076228063	9306.355680000004	77.73090381140315	
0.00098	1.861110756	0.016312516582197376	9305.55378	81.56258291098689	
0.000982	1.8630358020000022	0.01556673515355086	9315.17901000001	77.83367576775429	
0.0009839999999999998	1.8630392040000003	0.015681937582275457	9315.196020000001	78.40968791137728	
0.000986	1.8623826180000003	0.01532421296608983	9311.913090000002	76.62106483044914	
0.000988	1.863913031999999	0.01603783104783735	9319.565159999995	80.18915523918675	
0.00099	1.8650867220000007	0.0152330408460923	9325.433610000004	76.1652042304615	
0.000992	1.865214054	0.015547721692681656	9326.07027	77.73860846340828	
0.0009939999999999999	1.8663964920000016	0.0149779201044049	9331.982460000008	74.8896005220245	
0.000996	1.8662613839999986	0.01579522478461591	9331.306919999994	78.97612392307956	
0.000998	1.8673723800000028	0.014831929353108442	9336.861900000014	74.15964676554222	
