0.001	0.008828189999999929	0.002047541417383304	44.14094999999964	10.237707086916519	
0.002	0.017720532000000025	0.0029701143972877594	88.60266000000013	14.850571986438798	
0.003	0.02661093000000002	0.0035770714282915986	133.0546500000001	17.885357141457995	
0.004	0.03528894600000012	0.004138188803460282	176.4447300000006	20.690944017301412	
0.005	0.044029656000000084	0.0044417524318295975	220.14828000000043	22.20876215914799	
0.006	0.05256770400000007	0.005046241326015241	262.83852000000036	25.231206630076205	
0.007	0.061085826000000176	0.00543532976715527	305.4291300000009	27.17664883577635	
0.008	0.06958402200000018	0.00573681100782623	347.9201100000009	28.68405503913115	
0.009000000000000001	0.0782008020000002	0.006204344430219545	391.00401000000096	31.021722151097727	
0.01	0.08666109000000005	0.006353449114292189	433.30545000000023	31.767245571460947	
0.011	0.09557481600000017	0.0065955350610958	477.87408000000084	32.977675305478996	
0.012	0.1035602820000001	0.006952780461115887	517.8014100000005	34.763902305579435	
0.013000000000000001	0.11171536200000017	0.007141642438329869	558.5768100000008	35.708212191649345	
0.014	0.12012413399999984	0.007748590484600503	600.6206699999992	38.742952423002514	
0.015	0.1283579459999998	0.007739199858453159	641.789729999999	38.695999292265796	
0.016	0.13642311599999946	0.008150519419186805	682.1155799999973	40.75259709593402	
0.017	0.14436435599999925	0.00839393734699402	721.8217799999962	41.9696867349701	
0.018000000000000002	0.1525461659999992	0.007952790295263752	762.730829999996	39.76395147631876	
0.019	0.16069541399999898	0.008429540744583937	803.4770699999949	42.14770372291969	
0.02	0.16882522199999886	0.008886452136973057	844.1261099999942	44.43226068486529	
0.021	0.17652248999999862	0.008848360771798194	882.6124499999931	44.24180385899098	
0.022	0.18447101999999843	0.00907510625213813	922.3550999999921	45.37553126069064	
0.023	0.19201616999999807	0.009128057834999596	960.0808499999904	45.64028917499798	
0.024	0.20009446199999836	0.009378728610987477	1000.4723099999918	46.893643054937385	
0.025	0.2074792319999981	0.01000457006623362	1037.3961599999905	50.0228503311681	
0.026000000000000002	0.21546032399999834	0.009678826891675874	1077.3016199999918	48.39413445837937	
0.027	0.2234676599999983	0.009766422428935	1117.3382999999915	48.83211214467501	
0.028	0.2310166979999989	0.010385461247571127	1155.0834899999945	51.92730623785563	
0.029	0.23819686199999895	0.010300394928203555	1190.9843099999948	51.501974641017775	
0.03	0.24628390199999914	0.009875562465115638	1231.4195099999956	49.377812325578184	
0.031	0.25413960599999935	0.010270029360852362	1270.6980299999968	51.35014680426181	
0.032	0.2611827179999999	0.010205518975950283	1305.9135899999997	51.02759487975141	
0.033	0.269177418	0.010701497424252467	1345.88709	53.50748712126233	
0.034	0.27575785799999997	0.011496736441262064	1378.78929	57.48368220631033	
0.035	0.2832714180000006	0.01081465466343157	1416.3570900000032	54.073273317157856	
0.036000000000000004	0.2912005080000005	0.0113530714715421	1456.0025400000027	56.76535735771049	
0.037	0.2977080480000009	0.011246709710742176	1488.5402400000044	56.23354855371087	
0.038	0.30512683800000096	0.011622790451082003	1525.6341900000048	58.11395225541001	
0.039	0.3130078140000009	0.011980729020281352	1565.0390700000044	59.90364510140675	
0.04	0.31926263400000143	0.011519086239196714	1596.3131700000072	57.595431195983565	
0.041	0.32701141800000166	0.011734099692148663	1635.0570900000082	58.67049846074331	
0.042	0.33346598400000177	0.011575671856084683	1667.3299200000088	57.87835928042341	
0.043000000000000003	0.34116082200000203	0.011805583957446717	1705.80411000001	59.02791978723358	
0.044	0.34778743200000206	0.012322984565980124	1738.9371600000102	61.614922829900614	
0.045	0.3538512540000015	0.01161705796522902	1769.2562700000076	58.08528982614511	
0.046	0.36068878800000187	0.012194562588755023	1803.4439400000094	60.97281294377512	
0.047	0.36847936800000214	0.01265768928582876	1842.3968400000108	63.288446429143804	
0.048	0.37630105200000247	0.012435736964945208	1881.5052600000124	62.17868482472604	
0.049	0.38203779600000337	0.012286447224417305	1910.188980000017	61.43223612208653	
0.05	0.3887207820000029	0.012837397513533752	1943.6039100000144	64.18698756766877	
0.051000000000000004	0.3954154320000034	0.012705656079611976	1977.0771600000169	63.52828039805988	
0.052000000000000005	0.4019171400000035	0.012849052339701947	2009.5857000000176	64.24526169850974	
0.053	0.4096085760000031	0.013300321643487299	2048.0428800000154	66.50160821743648	
0.054	0.41594796000000306	0.013127996229980692	2079.7398000000153	65.63998114990346	
0.055	0.4224355740000031	0.01352251939627026	2112.1778700000154	67.6125969813513	
0.056	0.42934843800000216	0.013211742719116773	2146.742190000011	66.05871359558387	
0.057	0.436208328000002	0.013137252399660791	2181.04164000001	65.68626199830395	
0.058	0.4416554160000021	0.01313772675172236	2208.2770800000103	65.6886337586118	
0.059000000000000004	0.4485711960000015	0.012803677185307415	2242.8559800000075	64.01838592653708	
0.06	0.4540989600000006	0.013268515629051209	2270.494800000003	66.34257814525604	
0.061	0.4614910199999999	0.013595906243850583	2307.4550999999997	67.97953121925292	
0.062	0.4679966159999998	0.013321880242838086	2339.983079999999	66.60940121419043	
0.063	0.4739894819999984	0.014148649748426483	2369.947409999992	70.74324874213241	
0.064	0.48062435399999887	0.013975549034175997	2403.1217699999943	69.87774517087998	
0.065	0.4864855139999981	0.014147801406288438	2432.4275699999907	70.7390070314422	
0.066	0.492850169999998	0.014148460638778783	2464.25084999999	70.74230319389392	
0.067	0.49851498599999766	0.014551289624214595	2492.5749299999884	72.75644812107298	
0.068	0.5056601579999974	0.013943811686443897	2528.300789999987	69.71905843221948	
0.069	0.5108909759999971	0.014087088256676657	2554.4548799999857	70.43544128338328	
0.07	0.5173120079999968	0.013575910603414823	2586.560039999984	67.87955301707412	
0.07100000000000001	0.5227503479999962	0.01395294130106157	2613.751739999981	69.76470650530784	
0.07200000000000001	0.5295339359999953	0.014889204887967484	2647.6696799999763	74.44602443983742	
0.073	0.5346170099999947	0.014165560102158805	2673.0850499999738	70.82780051079402	
0.074	0.5415318179999954	0.014494014682580098	2707.659089999977	72.47007341290049	
0.075	0.547034795999994	0.014175817785734852	2735.1739799999705	70.87908892867426	
0.076	0.553339673999994	0.014605561596655423	2766.6983699999696	73.02780798327711	
0.077	0.5590560059999926	0.014305696742904096	2795.280029999963	71.52848371452048	
0.078	0.5648466959999929	0.014277885174337151	2824.2334799999644	71.38942587168575	
0.079	0.5703647399999925	0.014574733238737902	2851.823699999962	72.8736661936895	
0.08	0.5759425619999929	0.015019071110029604	2879.712809999965	75.09535555014803	
0.081	0.5816632679999921	0.015168290898850292	2908.3163399999607	75.84145449425147	
0.082	0.587694527999992	0.014842415302139533	2938.47263999996	74.21207651069767	
0.083	0.5930113679999925	0.01448922955966079	2965.0568399999624	72.44614779830394	
0.084	0.5987165219999895	0.014865465533897221	2993.5826099999476	74.32732766948611	
0.085	0.6048717119999903	0.014902344535710694	3024.3585599999515	74.51172267855347	
0.08600000000000001	0.61055693999999	0.014855199574437565	3052.7846999999497	74.27599787218782	
0.08700000000000001	0.6168137039999894	0.014337816324962345	3084.068519999947	71.68908162481173	
0.088	0.6220688219999891	0.014498744996181125	3110.344109999946	72.49372498090563	
0.089	0.6264583739999886	0.01504120079355677	3132.291869999943	75.20600396778386	
0.09	0.6313796099999897	0.015154496037937686	3156.8980499999484	75.77248018968844	
0.091	0.6376422059999886	0.01489342665720464	3188.2110299999426	74.4671332860232	
0.092	0.642534767999988	0.014820022002755145	3212.67383999994	74.10011001377573	
0.093	0.6485635979999881	0.015162841344891959	3242.8179899999404	75.8142067244598	
0.094	0.6538867559999865	0.015601592286572265	3269.4337799999325	78.00796143286134	
0.095	0.6585620759999865	0.01481265210913274	3292.8103799999326	74.0632605456637	
0.096	0.6650258759999848	0.014860478543862365	3325.129379999924	74.30239271931183	
0.097	0.6698455379999859	0.015172161178109232	3349.2276899999297	75.86080589054616	
0.098	0.675821879999985	0.015344626317560431	3379.109399999925	76.72313158780216	
0.099	0.6807581819999854	0.015613886147235858	3403.790909999927	78.06943073617929	
0.1	0.685939427999985	0.015171948560444843	3429.6971399999247	75.85974280222422	
0.101	0.689573249999984	0.015125889228520376	3447.8662499999205	75.62944614260188	
0.10200000000000001	0.6961687559999841	0.015421271536823154	3480.84377999992	77.10635768411576	
0.10300000000000001	0.7015030919999847	0.015835144295379903	3507.5154599999237	79.17572147689951	
0.10400000000000001	0.7066391399999831	0.01622462723184618	3533.195699999915	81.1231361592309	
0.105	0.711833021999983	0.016069343404367258	3559.165109999915	80.34671702183628	
0.106	0.7164038519999814	0.014817017614691107	3582.019259999907	74.08508807345554	
0.107	0.7215112259999829	0.01567665844817992	3607.5561299999144	78.3832922408996	
0.108	0.7263031859999816	0.01579747914565392	3631.5159299999077	78.98739572826959	
0.109	0.7317964439999822	0.014999140180784819	3658.982219999911	74.99570090392409	
0.11	0.7355264939999818	0.01550918033423856	3677.632469999909	77.5459016711928	
0.111	0.7404661979999827	0.015727964340395792	3702.3309899999135	78.63982170197896	
0.112	0.7459988219999812	0.01598986140528684	3729.9941099999064	79.94930702643421	
0.113	0.7501706459999801	0.01636651653891715	3750.8532299999006	81.83258269458575	
0.114	0.7570669859999811	0.016299899500787335	3785.334929999906	81.49949750393668	
0.115	0.7604456579999799	0.016295245833524572	3802.2282899998995	81.47622916762286	
0.116	0.76531732199998	0.015695245440842366	3826.5866099999002	78.47622720421184	
0.117	0.7695246239999798	0.01592818971316546	3847.623119999899	79.6409485658273	
0.11800000000000001	0.7744944599999786	0.015765932135981247	3872.4722999998926	78.82966067990624	
0.11900000000000001	0.7793068319999797	0.016298340646205056	3896.5341599998987	81.49170323102528	
0.12	0.785967461999979	0.015385012319349144	3929.837309999895	76.92506159674572	
0.121	0.7901115839999782	0.016003135521356855	3950.5579199998906	80.01567760678427	
0.122	0.7934358239999794	0.015710320746343657	3967.1791199998966	78.55160373171829	
0.123	0.7989626159999782	0.016087775049288842	3994.8130799998908	80.43887524644421	
0.124	0.8037477719999779	0.01625331650673173	4018.7388599998894	81.26658253365865	
0.125	0.806749307999977	0.016630359826567822	4033.746539999885	83.1517991328391	
0.126	0.8123995439999777	0.016585145624204302	4061.9977199998884	82.9257281210215	
0.127	0.8169402419999776	0.016615146570567604	4084.7012099998883	83.07573285283803	
0.128	0.8210994299999776	0.016033831455990744	4105.497149999888	80.16915727995372	
0.129	0.8265776219999774	0.016582710782412732	4132.888109999887	82.91355391206365	
0.13	0.8296394219999771	0.01607137461519562	4148.1971099998855	80.3568730759781	
0.131	0.8342904419999786	0.015740176702714603	4171.452209999893	78.70088351357303	
0.132	0.8396665739999777	0.01600949447104983	4198.332869999888	80.04747235524916	
0.133	0.8432649179999795	0.01582752276717143	4216.324589999897	79.13761383585715	
0.134	0.8474804819999802	0.016415045745283074	4237.402409999901	82.07522872641536	
0.135	0.8530563599999803	0.016063034497580477	4265.2817999999015	80.31517248790239	
0.136	0.8564034419999796	0.016499377125355385	4282.017209999898	82.49688562677692	
0.137	0.8605378439999806	0.016563692005097466	4302.689219999903	82.81846002548734	
0.138	0.8650819439999812	0.016926382882261993	4325.409719999906	84.63191441130998	
0.139	0.8697222719999822	0.01639841562267771	4348.611359999911	81.99207811338854	
0.14	0.8738017559999813	0.016692830720657605	4369.008779999906	83.46415360328801	
0.14100000000000001	0.8781310439999829	0.015808995713520953	4390.655219999914	79.04497856760477	
0.14200000000000002	0.8823427199999827	0.016394499568869535	4411.713599999914	81.97249784434769	
0.14300000000000002	0.8859590459999843	0.01658378049245557	4429.7952299999215	82.91890246227784	
0.14400000000000002	0.8905595219999844	0.016533336216976356	4452.797609999922	82.66668108488177	
0.145	0.893850227999984	0.01720284030862597	4469.25113999992	86.01420154312984	
0.146	0.8988764399999852	0.016615034330101936	4494.382199999926	83.07517165050967	
0.147	0.9022497659999859	0.016673056016618858	4511.2488299999295	83.36528008309429	
0.148	0.9075447359999865	0.016572761220097588	4537.723679999933	82.86380610048793	
0.149	0.9115673579999868	0.016603388866611	4557.836789999934	83.016944333055	
0.15	0.9149163839999883	0.016838059439157838	4574.581919999941	84.19029719578917	
0.151	0.9201734459999856	0.016838063752615737	4600.867229999928	84.1903187630787	
0.152	0.9236745899999891	0.016361518784757258	4618.372949999945	81.8075939237863	
0.153	0.9266989679999881	0.016518674983395033	4633.49483999994	82.59337491697515	
0.154	0.9301102019999895	0.01711488695175246	4650.551009999947	85.57443475876231	
0.155	0.9345162779999906	0.016775470256263574	4672.581389999953	83.87735128131787	
0.156	0.9381087899999903	0.01696864510949439	4690.543949999951	84.84322554747196	
0.157	0.9435203999999904	0.01622569064933949	4717.601999999952	81.12845324669745	
0.158	0.9474385319999901	0.017666661906003935	4737.192659999951	88.33330953001968	
0.159	0.9512132939999901	0.017296005720212827	4756.066469999951	86.48002860106413	
0.16	0.954115685999991	0.01701684843728336	4770.578429999955	85.0842421864168	
0.161	0.9592604819999924	0.016946309399622824	4796.302409999962	84.73154699811413	
0.162	0.9619344539999929	0.016407013627773588	4809.672269999965	82.03506813886794	
0.163	0.9643804919999933	0.016591176708298974	4821.902459999967	82.95588354149487	
0.164	0.969504875999996	0.016678795260830194	4847.52437999998	83.39397630415097	
0.165	0.9744081299999938	0.017027133112158657	4872.040649999969	85.13566556079329	
0.166	0.9772371359999963	0.017107792467924498	4886.185679999981	85.53896233962249	
0.167	0.9801234899999967	0.016492936664644183	4900.617449999983	82.46468332322091	
0.168	0.9855491939999965	0.016750583187293284	4927.745969999983	83.75291593646644	
0.169	0.9893463119999975	0.016385892972148937	4946.731559999987	81.92946486074469	
0.17	0.9922764059999963	0.016703496602544946	4961.382029999982	83.51748301272472	
0.171	0.9962096039999975	0.017442413414755928	4981.048019999987	87.21206707377964	
0.17200000000000001	0.9990434699999974	0.01644445456399103	4995.217349999987	82.22227281995517	
0.17300000000000001	1.0036565819999974	0.016643781039215308	5018.282909999987	83.21890519607655	
0.17400000000000002	1.007009981999997	0.016737642656591247	5035.049909999984	83.68821328295624	
0.17500000000000002	1.011216797999997	0.01659371366172327	5056.0839899999855	82.96856830861636	
0.176	1.014139602	0.01678780163826292	5070.69801	83.9390081913146	
0.177	1.017592631999999	0.0168463097442925	5087.963159999996	84.2315487214625	
0.178	1.0212818580000007	0.016867271121313726	5106.409290000003	84.33635560656863	
0.179	1.0251163980000002	0.01679355507847173	5125.5819900000015	83.96777539235866	
0.18	1.0277145540000008	0.01681334317216989	5138.572770000004	84.06671586084946	
0.181	1.0316268540000002	0.017540441440589728	5158.134270000001	87.70220720294866	
0.182	1.0348679879999994	0.016860276781355772	5174.339939999997	84.30138390677887	
0.183	1.037849598	0.016868204829751866	5189.24799	84.34102414875933	
0.184	1.0425108240000018	0.016834853006815708	5212.554120000009	84.17426503407854	
0.185	1.045417104000002	0.017369601272258867	5227.08552000001	86.84800636129434	
0.186	1.048917276000003	0.017255732636891882	5244.586380000014	86.2786631844594	
0.187	1.0523479500000028	0.017219998299697104	5261.739750000014	86.09999149848552	
0.188	1.0564930440000038	0.0166134583202333	5282.465220000019	83.0672916011665	
0.189	1.0592272800000058	0.0169007686171271	5296.1364000000285	84.50384308563548	
0.19	1.061738928000006	0.017267998532166	5308.694640000031	86.33999266083	
0.191	1.0659311640000064	0.016557478101847812	5329.655820000032	82.78739050923906	
0.192	1.0697807700000053	0.016750192704418864	5348.903850000026	83.75096352209432	
0.193	1.0728620100000066	0.017156672678231382	5364.310050000033	85.78336339115691	
0.194	1.0761293880000085	0.016364547631802107	5380.646940000042	81.82273815901054	
0.195	1.078218216000006	0.017409065852750892	5391.09108000003	87.04532926375447	
0.196	1.0819711080000072	0.017130619083395856	5409.855540000036	85.65309541697927	
0.197	1.0848171240000055	0.017018579513246517	5424.085620000028	85.0928975662326	
0.198	1.0882322460000078	0.016586839518833905	5441.161230000039	82.93419759416953	
0.199	1.0912614840000079	0.016643728056112042	5456.307420000039	83.21864028056021	
0.2	1.0946620260000095	0.01635149956876703	5473.310130000048	81.75749784383515	
0.201	1.0978764300000075	0.016769302883160295	5489.382150000038	83.84651441580148	
0.202	1.1008181880000096	0.016827792185450968	5504.090940000048	84.13896092725483	
0.203	1.1042867700000094	0.01701486607326573	5521.433850000047	85.07433036632865	
0.20400000000000001	1.1090719260000093	0.01836041697365844	5545.359630000046	91.80208486829221	
0.20500000000000002	1.1101532760000141	0.016555554468391874	5550.766380000071	82.77777234195938	
0.20600000000000002	1.1148159600000107	0.017302544670841663	5574.079800000053	86.51272335420832	
0.20700000000000002	1.1180274480000112	0.017251254254440965	5590.137240000056	86.25627127220484	
0.20800000000000002	1.1201114160000114	0.017248840871983688	5600.557080000057	86.24420435991843	
0.209	1.123493004000012	0.017301806166526542	5617.46502000006	86.5090308326327	
0.21	1.1253082140000117	0.017209008138712564	5626.541070000058	86.04504069356283	
0.211	1.1296141740000127	0.016887500132044177	5648.070870000063	84.43750066022088	
0.212	1.132457760000014	0.017568469115050216	5662.28880000007	87.84234557525107	
0.213	1.1363851260000155	0.01808167502728115	5681.925630000078	90.40837513640575	
0.214	1.138771872000011	0.016951822789767625	5693.859360000056	84.75911394883813	
0.215	1.1414774340000118	0.01745460078362484	5707.387170000059	87.27300391812419	
0.216	1.144162584000015	0.017300825003768346	5720.812920000075	86.50412501884173	
0.217	1.1474921700000165	0.01708326968092378	5737.460850000082	85.4163484046189	
0.218	1.1504334420000153	0.017060008033430274	5752.167210000077	85.30004016715138	
0.219	1.1540308140000153	0.017423717480189938	5770.154070000077	87.1185874009497	
0.22	1.1558576880000169	0.016671494084416136	5779.288440000084	83.35747042208068	
0.221	1.1597175000000148	0.017290180009186484	5798.587500000074	86.45090004593241	
0.222	1.163118528000018	0.017511885636255442	5815.59264000009	87.5594281812772	
0.223	1.1643024240000164	0.017232796198304406	5821.512120000082	86.16398099152202	
0.224	1.167600906000017	0.016547662399965468	5838.004530000085	82.73831199982733	
0.225	1.1716609500000164	0.01728297163237769	5858.304750000082	86.41485816188846	
0.226	1.1724759720000169	0.01674530611148339	5862.379860000085	83.72653055741695	
0.227	1.1769272460000206	0.016731520235398555	5884.636230000103	83.65760117699277	
0.228	1.17854951400002	0.017167354091061186	5892.7475700001	85.83677045530592	
0.229	1.1818159200000187	0.017025139799533805	5909.079600000094	85.12569899766902	
0.23	1.18485293400002	0.017502614013104368	5924.2646700001	87.51307006552184	
0.231	1.1879327160000224	0.017188923164393244	5939.663580000112	85.94461582196622	
0.232	1.1905804440000207	0.016517905894238807	5952.902220000104	82.58952947119404	
0.233	1.193069250000022	0.01700603777067337	5965.34625000011	85.03018885336685	
0.234	1.1959458840000203	0.01730964964575008	5979.7294200001015	86.54824822875038	
0.23500000000000001	1.1977567200000212	0.016935685171898668	5988.783600000106	84.67842585949334	
0.23600000000000002	1.200125970000023	0.01740310949213308	6000.629850000115	87.01554746066539	
0.23700000000000002	1.2031007760000219	0.01720261340418643	6015.503880000109	86.01306702093216	
0.23800000000000002	1.2058719480000215	0.018092863430131077	6029.359740000107	90.46431715065538	
0.23900000000000002	1.209691908000022	0.017832133530669085	6048.45954000011	89.16066765334543	
0.24	1.2114915660000238	0.0170959923649876	6057.457830000119	85.47996182493802	
0.241	1.2146486220000248	0.01717021060072318	6073.243110000124	85.85105300361592	
0.242	1.2180355560000244	0.016822969038874536	6090.177780000123	84.11484519437268	
0.243	1.2203066340000241	0.01719921273995163	6101.533170000121	85.99606369975815	
0.244	1.2213991620000222	0.017533443432646928	6106.99581000011	87.66721716323464	
0.245	1.2248798940000258	0.01773482362993325	6124.399470000129	88.67411814966627	
0.246	1.2276850860000248	0.01693665582364692	6138.425430000124	84.6832791182346	
0.247	1.2308999760000263	0.016901717132868258	6154.499880000131	84.50858566434128	
0.248	1.2332084760000248	0.016627457450539153	6166.0423800001245	83.13728725269577	
0.249	1.2353789520000262	0.016983383700952103	6176.894760000131	84.9169185047605	
0.25	1.2386652840000276	0.01798206806614361	6193.326420000138	89.91034033071804	
0.251	1.241783460000026	0.017220879725858104	6208.91730000013	86.10439862929053	
0.252	1.243613250000027	0.01644454361597077	6218.0662500001345	82.22271807985385	
0.253	1.2464534340000257	0.017078374961913487	6232.267170000128	85.39187480956744	
0.254	1.2472524180000273	0.01709079813529335	6236.262090000137	85.45399067646674	
0.255	1.2506777460000271	0.01669760547466462	6253.388730000135	83.4880273733231	
0.256	1.2523369500000263	0.016987103536435202	6261.684750000131	84.93551768217601	
0.257	1.256432958000029	0.016567076288057012	6282.164790000145	82.83538144028506	
0.258	1.2581791560000277	0.016908667685176522	6290.895780000138	84.54333842588261	
0.259	1.2608997840000276	0.01710064647062835	6304.498920000137	85.50323235314174	
0.26	1.2638109240000288	0.01718197752094602	6319.054620000144	85.9098876047301	
0.261	1.2656358540000279	0.01771369183131396	6328.17927000014	88.5684591565698	
0.262	1.2681363240000296	0.017363348628162044	6340.6816200001485	86.81674314081022	
0.263	1.2709983780000302	0.01707932390316389	6354.991890000151	85.39661951581947	
0.264	1.2719256660000307	0.017515670855223268	6359.628330000153	87.57835427611633	
0.265	1.2751172280000316	0.017141274401049827	6375.586140000158	85.70637200524914	
0.266	1.2778743060000324	0.016791320108152055	6389.371530000162	83.95660054076029	
0.267	1.2791801880000315	0.01725303173371937	6395.900940000158	86.26515866859685	
0.268	1.282979250000032	0.017373975757827353	6414.896250000161	86.86987878913676	
0.269	1.2842501400000315	0.017198041697951277	6421.250700000157	85.99020848975638	
0.27	1.2872035620000313	0.016375614845623977	6436.017810000157	81.87807422811989	
0.271	1.289591766000032	0.017560543511330115	6447.95883000016	87.80271755665056	
0.272	1.2928231800000327	0.01673196505780678	6464.1159000001635	83.6598252890339	
0.273	1.294706430000033	0.016981183388773878	6473.5321500001655	84.90591694386939	
0.274	1.2963126600000325	0.016746208143351968	6481.563300000163	83.73104071675984	
0.275	1.2985618680000333	0.016816233164613417	6492.809340000166	84.08116582306708	
0.276	1.301229036000034	0.01755606991643569	6506.1451800001705	87.78034958217845	
0.277	1.3031443620000345	0.01687501116210074	6515.721810000172	84.3750558105037	
0.278	1.305981630000035	0.01598420660111604	6529.908150000176	79.9210330055802	
0.279	1.3076947800000354	0.01749248357162794	6538.473900000176	87.4624178581397	
0.28	1.3097243160000345	0.017674819535944884	6548.621580000172	88.3740976797244	
0.281	1.3131515880000362	0.016523558563164318	6565.7579400001805	82.61779281582159	
0.28200000000000003	1.3155461100000339	0.0168698418034067	6577.730550000169	84.3492090170335	
0.28300000000000003	1.3172286420000354	0.017100741269778515	6586.1432100001775	85.50370634889258	
0.28400000000000003	1.3194185580000357	0.017345907088322225	6597.092790000179	86.72953544161113	
0.28500000000000003	1.3225100040000395	0.016996832662824344	6612.550020000197	84.9841633141217	
0.28600000000000003	1.322849232000035	0.017103597808480118	6614.246160000174	85.51798904240059	
0.28700000000000003	1.3256767800000375	0.016071448311576097	6628.383900000187	80.35724155788049	
0.28800000000000003	1.3280902560000336	0.0176022301938856	6640.4512800001685	88.011150969428	
0.289	1.330893504000041	0.017689857273874728	6654.467520000205	88.44928636937364	
0.29	1.333099944000038	0.016812720161262767	6665.49972000019	84.06360080631384	
0.291	1.3344612300000378	0.016446910498302263	6672.306150000189	82.23455249151131	
0.292	1.3359581100000375	0.01667971382536184	6679.790550000187	83.3985691268092	
0.293	1.3391414100000394	0.016957108836118524	6695.707050000196	84.78554418059261	
0.294	1.3418756460000392	0.017464403602950714	6709.378230000196	87.32201801475357	
0.295	1.3429200600000388	0.016662160398113617	6714.600300000195	83.3108019905681	
0.296	1.3449529980000399	0.01748017456205943	6724.7649900002	87.40087281029717	
0.297	1.3462739460000404	0.01731533278020252	6731.369730000201	86.5766639010126	
0.298	1.3500346140000397	0.017781890568864707	6750.173070000198	88.90945284432352	
0.299	1.3521205260000402	0.017336697825116425	6760.6026300002	86.68348912558211	
0.3	1.3537782720000415	0.0173276639334357	6768.891360000208	86.63831966717851	
0.301	1.3562247960000406	0.016561483860525607	6781.123980000203	82.80741930262803	
0.302	1.3578650460000394	0.016856687588905243	6789.325230000197	84.28343794452621	
0.303	1.359454752000041	0.01676659271296835	6797.273760000206	83.83296356484176	
0.304	1.3622925060000401	0.017309488595912803	6811.462530000201	86.54744297956401	
0.305	1.3641922800000394	0.017196171727267392	6820.9614000001975	85.98085863633696	
0.306	1.3661926560000432	0.016879716737958978	6830.963280000216	84.3985836897949	
0.307	1.3680934020000433	0.016942317950695687	6840.467010000216	84.71158975347844	
0.308	1.3690790100000425	0.016539757290600313	6845.395050000213	82.69878645300156	
0.309	1.3720052160000429	0.016777891765338473	6860.026080000214	83.88945882669236	
0.31	1.3734836280000415	0.018130043513397722	6867.418140000208	90.65021756698862	
0.311	1.3774493880000405	0.016257825505076623	6887.246940000203	81.28912752538312	
0.312	1.378236222000044	0.016351266657319875	6891.18111000022	81.75633328659937	
0.313	1.3788072720000426	0.017267309134607126	6894.036360000213	86.33654567303562	
0.314	1.3815891360000414	0.0169255305315246	6907.945680000207	84.627652657623	
0.315	1.3842009000000444	0.016910519975626672	6921.004500000222	84.55259987813336	
0.316	1.3863490200000446	0.017850278511879775	6931.745100000223	89.25139255939888	
0.317	1.3875994980000428	0.017246691463352226	6937.9974900002135	86.23345731676112	
0.318	1.389648960000043	0.017682082638153084	6948.244800000215	88.41041319076541	
0.319	1.3917037680000433	0.01680703140671319	6958.518840000216	84.03515703356595	
0.32	1.392920226000044	0.017295993156595434	6964.60113000022	86.47996578297717	
0.321	1.3956350220000446	0.017374677888685817	6978.175110000223	86.87338944342908	
0.322	1.3975974900000454	0.016438311686057215	6987.987450000227	82.19155843028608	
0.323	1.399010778000046	0.016983519263532674	6995.05389000023	84.91759631766337	
0.324	1.400515434000047	0.016287788360231946	7002.577170000235	81.43894180115973	
0.325	1.4021430480000459	0.01712296961714779	7010.71524000023	85.61484808573894	
0.326	1.4041861920000445	0.01697577905944837	7020.9309600002225	84.87889529724184	
0.327	1.4068519020000452	0.016451885700382828	7034.259510000226	82.25942850191414	
0.328	1.4083113600000456	0.017425376662972676	7041.556800000228	87.12688331486336	
0.329	1.4091030540000473	0.017213826908771778	7045.515270000236	86.06913454385888	
0.33	1.4126542560000483	0.017331822898199026	7063.271280000242	86.65911449099512	
0.331	1.4135966100000465	0.01712235162330135	7067.983050000233	85.61175811650673	
0.332	1.416735684000044	0.017167781732425846	7083.67842000022	85.83890866212923	
0.333	1.4176843560000474	0.01677761738654604	7088.421780000237	83.8880869327302	
0.334	1.4193416160000478	0.01663411280725876	7096.7080800002395	83.1705640362938	
0.335	1.4218440300000477	0.01669172624826942	7109.220150000238	83.45863124134709	
0.336	1.4231931660000474	0.017334890637224005	7115.965830000237	86.67445318612002	
0.337	1.424588958000046	0.01716771175172471	7122.94479000023	85.83855875862355	
0.338	1.4268940560000472	0.016298921244454413	7134.470280000236	81.49460622227205	
0.339	1.4280521940000492	0.016755271034943956	7140.260970000246	83.77635517471978	
0.34	1.4300666640000483	0.015728760800239914	7150.333320000242	78.64380400119957	
0.341	1.4319416520000514	0.016827212766675412	7159.708260000257	84.13606383337705	
0.342	1.4348654280000497	0.0170147593292672	7174.327140000249	85.073796646336	
0.343	1.4357212740000507	0.017432961036983836	7178.606370000253	87.16480518491917	
0.34400000000000003	1.4374723320000502	0.016481200557296842	7187.361660000251	82.4060027864842	
0.34500000000000003	1.438979904000049	0.01674870165209383	7194.8995200002455	83.74350826046916	
0.34600000000000003	1.440630360000051	0.016613285694722323	7203.151800000255	83.06642847361162	
0.34700000000000003	1.4417710020000511	0.01643233882635275	7208.855010000256	82.16169413176375	
0.34800000000000003	1.444105260000051	0.01732086477184299	7220.526300000255	86.60432385921494	
0.34900000000000003	1.4461416000000502	0.01714184764090701	7230.708000000252	85.70923820453505	
0.35000000000000003	1.4472433620000518	0.017652529645493607	7236.216810000259	88.26264822746803	
0.35100000000000003	1.449890604000053	0.017244779877610944	7249.453020000265	86.22389938805472	
0.352	1.450332378000051	0.015913077383246037	7251.661890000255	79.5653869162302	
0.353	1.453136112000053	0.016582131524370512	7265.680560000264	82.91065762185255	
0.354	1.4554645380000488	0.016403431732738748	7277.322690000245	82.01715866369373	
0.355	1.4566654440000522	0.017374900921586185	7283.327220000261	86.87450460793093	
0.356	1.4578712100000524	0.01694555077051106	7289.356050000261	84.72775385255531	
0.357	1.4590687140000522	0.016602711763030468	7295.343570000261	83.01355881515234	
0.358	1.460829492000054	0.01725412471793362	7304.147460000269	86.2706235896681	
0.359	1.4626568520000516	0.017163269254141723	7313.284260000258	85.81634627070862	
0.36	1.4648433660000506	0.016665325075080617	7324.216830000253	83.32662537540308	
0.361	1.4667961140000536	0.017490121105557775	7333.980570000268	87.45060552778888	
0.362	1.467264618000053	0.016383974962082302	7336.323090000265	81.9198748104115	
0.363	1.4692970700000532	0.01721972122663926	7346.4853500002655	86.09860613319628	
0.364	1.470925656000054	0.016553368211023673	7354.628280000271	82.76684105511838	
0.365	1.4727078180000537	0.016513403453284305	7363.5390900002685	82.56701726642153	
0.366	1.4745837780000572	0.016906150205732367	7372.918890000286	84.53075102866184	
0.367	1.4753205540000525	0.0170288788091628	7376.602770000262	85.144394045814	
0.368	1.4772251880000562	0.017470876254519388	7386.125940000281	87.35438127259695	
0.369	1.4786481960000541	0.016640130458672773	7393.240980000271	83.20065229336386	
0.37	1.4797426680000547	0.016494251147652676	7398.713340000273	82.47125573826338	
0.371	1.482360750000055	0.01726030471068143	7411.803750000276	86.30152355340716	
0.372	1.4836539960000557	0.016387644741818412	7418.269980000278	81.93822370909206	
0.373	1.4859450000000534	0.0162380302211833	7429.725000000267	81.1901511059165	
0.374	1.4867609940000555	0.016158830979746838	7433.8049700002775	80.79415489873419	
0.375	1.488249126000056	0.01635042194269577	7441.2456300002805	81.75210971347884	
0.376	1.4894879400000576	0.017404852905223665	7447.439700000288	87.02426452611833	
0.377	1.4909542020000581	0.016923855337696112	7454.7710100002905	84.61927668848057	
0.378	1.4915388600000559	0.016588767647431387	7457.694300000279	82.94383823715694	
0.379	1.4938425000000577	0.017342339858221912	7469.212500000288	86.71169929110957	
0.38	1.4955269760000571	0.017555416183716567	7477.634880000286	87.77708091858284	
0.381	1.4979385080000585	0.016512634526265065	7489.692540000292	82.56317263132533	
0.382	1.4988536460000599	0.016998396465042052	7494.268230000299	84.99198232521026	
0.383	1.5009176880000572	0.016418639039296794	7504.588440000286	82.09319519648396	
0.384	1.5017254200000585	0.015962145260824467	7508.627100000293	79.81072630412234	
0.385	1.502394642000057	0.016961863650197903	7511.973210000285	84.80931825098952	
0.386	1.5053422320000593	0.0169695740821697	7526.711160000297	84.8478704108485	
0.387	1.506974220000059	0.01667932670342739	7534.871100000296	83.39663351713695	
0.388	1.507224024000059	0.01604085200678212	7536.120120000295	80.20426003391061	
0.389	1.5100549740000588	0.01770539501619208	7550.274870000294	88.5269750809604	
0.39	1.5111985320000603	0.017377341379078908	7555.992660000302	86.88670689539455	
0.391	1.5132149460000563	0.01670301949484436	7566.074730000282	83.5150974742218	
0.392	1.5142214520000563	0.016577821724815412	7571.107260000282	82.88910862407705	
0.393	1.516120740000059	0.01661815795846416	7580.603700000294	83.0907897923208	
0.394	1.5178358340000602	0.016683530143722893	7589.1791700003005	83.41765071861447	
0.395	1.5173770500000627	0.01669797534713614	7586.885250000313	83.4898767356807	
0.396	1.5183728640000596	0.016817382542285583	7591.864320000298	84.08691271142791	
0.397	1.5211605600000597	0.016587802973946412	7605.802800000299	82.93901486973206	
0.398	1.522595718000059	0.016996882877649798	7612.978590000295	84.984414388249	
0.399	1.523703312000057	0.017024359654528115	7618.516560000285	85.12179827264059	
0.4	1.525544280000063	0.01724424704165628	7627.721400000314	86.2212352082814	
0.401	1.527589368000059	0.0166479841331208	7637.946840000295	83.23992066560402	
0.402	1.5279893460000613	0.016519760385439904	7639.946730000306	82.59880192719952	
0.403	1.5297817140000616	0.0164432438688438	7648.908570000308	82.216219344219	
0.404	1.5307104600000596	0.01617098013864535	7653.552300000298	80.85490069322674	
0.405	1.5319210860000598	0.016559160420283055	7659.605430000299	82.79580210141526	
0.406	1.534196538000064	0.01585660865868286	7670.98269000032	79.28304329341431	
0.40700000000000003	1.5351019560000607	0.01659784055056953	7675.509780000304	82.98920275284766	
0.40800000000000003	1.5365584980000626	0.016499335324189898	7682.792490000314	82.4966766209495	
0.40900000000000003	1.5382152720000624	0.01657002938796675	7691.076360000312	82.85014693983375	
0.41000000000000003	1.5388495020000632	0.016965685386805505	7694.247510000316	84.82842693402752	
0.41100000000000003	1.5400747080000603	0.01652210675001226	7700.373540000302	82.6105337500613	
0.41200000000000003	1.54170135000006	0.016505538661357427	7708.506750000301	82.52769330678714	
0.41300000000000003	1.542781242000062	0.016673109508592052	7713.906210000309	83.36554754296027	
0.41400000000000003	1.544649426000062	0.016467845333333363	7723.247130000311	82.33922666666682	
0.41500000000000004	1.546049106000063	0.015859645967701324	7730.245530000315	79.29822983850661	
0.41600000000000004	1.5471251100000623	0.016703663572880237	7735.625550000311	83.51831786440118	
0.417	1.54930287600006	0.016086233249356	7746.5143800003	80.43116624678	
0.418	1.548919422000063	0.016057244885408512	7744.597110000315	80.28622442704255	
0.419	1.5516633780000628	0.01700773835973453	7758.316890000314	85.03869179867264	
0.42	1.5520230180000643	0.016632526413739485	7760.115090000321	83.16263206869742	
0.421	1.554475374000063	0.01686277078431038	7772.376870000315	84.3138539215519	
0.422	1.5546075660000658	0.01571385415840757	7773.0378300003285	78.56927079203786	
0.423	1.5565573980000649	0.016566043767467915	7782.786990000324	82.83021883733957	
0.424	1.5573150720000628	0.0163131030755917	7786.5753600003145	81.56551537795849	
0.425	1.5595618500000648	0.016015940863700805	7797.809250000324	80.07970431850403	
0.426	1.559816514000065	0.01663480810649375	7799.082570000325	83.17404053246875	
0.427	1.5625322820000656	0.016946823700403096	7812.661410000328	84.73411850201548	
0.428	1.5627087000000657	0.01640043346982221	7813.543500000328	82.00216734911106	
0.429	1.5652830420000654	0.01697094318387478	7826.415210000327	84.85471591937389	
0.43	1.5656640660000638	0.016590655105561975	7828.320330000319	82.95327552780988	
0.431	1.5676406280000672	0.016026614692993563	7838.203140000336	80.13307346496781	
0.432	1.5684328080000625	0.016341875680202702	7842.1640400003125	81.70937840101351	
0.433	1.5703952760000652	0.016540724544828453	7851.976380000326	82.70362272414225	
0.434	1.5709128660000673	0.016486903997722218	7854.564330000337	82.43451998861109	
0.435	1.5721113420000654	0.017068149726174337	7860.556710000327	85.34074863087169	
0.436	1.5732237960000652	0.016436693907183653	7866.118980000326	82.18346953591826	
0.437	1.574521416000067	0.01643235257493609	7872.6070800003345	82.16176287468045	
0.438	1.5756936480000676	0.01616522337946985	7878.4682400003385	80.82611689734925	
0.439	1.577464632000066	0.01595872344220041	7887.32316000033	79.79361721100204	
0.44	1.577532186000069	0.017105864821676642	7887.660930000346	85.52932410838321	
0.441	1.579284702000066	0.016539021657137422	7896.42351000033	82.69510828568711	
0.442	1.5823999620000675	0.016758601443635533	7911.999810000338	83.79300721817766	
0.443	1.5813827640000666	0.01585710179699822	7906.9138200003335	79.2855089849911	
0.444	1.5829476840000671	0.016654569510263863	7914.738420000336	83.27284755131933	
0.445	1.583599410000065	0.01618524315862947	7917.997050000325	80.92621579314735	
0.446	1.585624572000067	0.016869588528973783	7928.122860000335	84.34794264486892	
0.447	1.5864546600000664	0.016184091159544986	7932.273300000332	80.92045579772493	
0.448	1.5875705160000688	0.016346491075145398	7937.852580000344	81.732455375727	
0.449	1.589524236000064	0.0156263936341167	7947.62118000032	78.13196817058349	
0.45	1.590437430000068	0.017002388752148028	7952.187150000341	85.01194376074015	
0.451	1.5919192440000676	0.01618233378980072	7959.596220000338	80.91166894900361	
0.452	1.5920737920000685	0.01701947863586911	7960.368960000343	85.09739317934556	
0.453	1.5943074480000687	0.01679414455408083	7971.537240000343	83.97072277040415	
0.454	1.5943434120000688	0.01691404453317787	7971.717060000344	84.57022266588933	
0.455	1.59550592400007	0.015849604122825395	7977.5296200003495	79.24802061412697	
0.456	1.5969430260000677	0.016602012665438787	7984.715130000339	83.01006332719393	
0.457	1.5983582580000713	0.016510387758302398	7991.791290000356	82.55193879151199	
0.458	1.5992758260000683	0.01661083387617221	7996.379130000341	83.05416938086104	
0.459	1.6007780520000707	0.01578710595560047	8003.890260000354	78.93552977800235	
0.46	1.6029981000000688	0.016228001395059796	8014.990500000345	81.14000697529899	
0.461	1.6038806760000692	0.01650209005935581	8019.403380000346	82.51045029677904	
0.462	1.6049498760000684	0.016275588136122364	8024.749380000342	81.37794068061181	
0.463	1.605093246000071	0.01681925218134122	8025.466230000356	84.0962609067061	
0.464	1.6063476120000706	0.016109572688855482	8031.7380600003535	80.54786344427743	
0.465	1.6075008900000696	0.01651029179402851	8037.504450000348	82.55145897014255	
0.466	1.6086075120000694	0.016258572960808064	8043.037560000346	81.29286480404032	
0.467	1.6100786340000715	0.016305473387366213	8050.393170000358	81.52736693683107	
0.468	1.6119361260000706	0.016489557584246722	8059.680630000354	82.44778792123363	
0.46900000000000003	1.6113475800000687	0.01603520967545051	8056.737900000344	80.17604837725256	
0.47000000000000003	1.612953324000072	0.01591448125799534	8064.76662000036	79.57240628997671	
0.47100000000000003	1.6138874160000733	0.015510425328371954	8069.437080000367	77.55212664185977	
0.47200000000000003	1.6149702240000692	0.016462877830983522	8074.851120000346	82.3143891549176	
0.47300000000000003	1.6163567820000744	0.016586165613080732	8081.783910000372	82.93082806540367	
0.47400000000000003	1.6172398440000713	0.016273804768637466	8086.199220000356	81.36902384318734	
0.47500000000000003	1.6191017100000724	0.015537973903954066	8095.5085500003615	77.68986951977033	
0.47600000000000003	1.6202408940000737	0.01707090312563556	8101.204470000368	85.3545156281778	
0.47700000000000004	1.6211424240000736	0.016125932187513563	8105.712120000368	80.6296609375678	
0.47800000000000004	1.621866078000071	0.016682795583174377	8109.330390000356	83.4139779158719	
0.47900000000000004	1.6233182460000728	0.016968897775387577	8116.591230000364	84.84448887693789	
0.48	1.6249254480000703	0.0164307031803073	8124.627240000352	82.15351590153651	
0.481	1.6245687240000746	0.015607511811300413	8122.8436200003725	78.03755905650206	
0.482	1.626457320000071	0.016389326630025538	8132.286600000355	81.9466331501277	
0.483	1.6280650080000716	0.016015604918203936	8140.325040000358	80.07802459101968	
0.484	1.6294719780000757	0.0168354613934868	8147.359890000378	84.177306967434	
0.485	1.628791092000074	0.015579873820528667	8143.95546000037	77.89936910264333	
0.486	1.6305319440000712	0.016114531645348137	8152.659720000356	80.57265822674069	
0.487	1.6317474300000743	0.015794177330116295	8158.737150000371	78.97088665058146	
0.488	1.6331801580000778	0.01586932363332149	8165.900790000389	79.34661816660746	
0.489	1.6349059440000728	0.01618055955883253	8174.529720000364	80.90279779416264	
0.49	1.6357899780000726	0.016278211941966467	8178.949890000363	81.39105970983233	
0.491	1.635034734000073	0.015658816215579737	8175.173670000366	78.2940810778987	
0.492	1.6361301780000732	0.016040632070475815	8180.650890000366	80.20316035237909	
0.493	1.6379303220000734	0.01603242822770082	8189.651610000366	80.16214113850411	
0.494	1.6383968820000745	0.01617618005396016	8191.984410000372	80.88090026980079	
0.495	1.6406932320000738	0.016209526285312564	8203.46616000037	81.04763142656283	
0.496	1.6406125560000762	0.01625577725668406	8203.06278000038	81.27888628342028	
0.497	1.6424564400000738	0.016205155315715526	8212.282200000369	81.02577657857763	
0.498	1.643445450000076	0.016535076908607504	8217.22725000038	82.67538454303752	
0.499	1.6446060180000734	0.016096417074980936	8223.030090000368	80.48208537490467	
0.5	1.6456489740000757	0.016269877093555058	8228.244870000379	81.34938546777529	
0.501	1.6461714240000744	0.015590817462220586	8230.857120000372	77.95408731110294	
0.502	1.6473976020000758	0.0171697214250455	8236.98801000038	85.8486071252275	
0.503	1.6483409280000738	0.01587236190952297	8241.70464000037	79.36180954761485	
0.504	1.6492497480000736	0.015627659873460098	8246.248740000368	78.1382993673005	
0.505	1.6500492180000748	0.016368797679015393	8250.246090000373	81.84398839507695	
0.506	1.6513803720000753	0.016101528367135777	8256.901860000376	80.50764183567888	
0.507	1.6525112940000735	0.016274227661232564	8262.556470000367	81.3711383061628	
0.508	1.652767416000078	0.016108803129066006	8263.83708000039	80.54401564533002	
0.509	1.6544708460000777	0.015879538736132882	8272.354230000388	79.3976936806644	
0.51	1.6553014200000755	0.015703434632705626	8276.507100000377	78.51717316352814	
0.511	1.6560576360000767	0.016332675714271955	8280.288180000383	81.66337857135977	
0.512	1.656734148000077	0.01633803972581042	8283.670740000385	81.6901986290521	
0.513	1.657274094000074	0.016173683944581914	8286.370470000371	80.86841972290956	
0.514	1.6585396380000743	0.015333960907248078	8292.698190000372	76.66980453624039	
0.515	1.6590125160000775	0.01564429971886894	8295.062580000387	78.22149859434471	
0.516	1.6607110860000736	0.016604400344988994	8303.555430000368	83.02200172494497	
0.517	1.6616529540000782	0.01589173538761402	8308.26477000039	79.45867693807011	
0.518	1.6621219440000772	0.01632978791892068	8310.609720000386	81.6489395946034	
0.519	1.664055252000075	0.015562215372129849	8320.276260000375	77.81107686064924	
0.52	1.663970688000078	0.015821902506295372	8319.85344000039	79.10951253147687	
0.521	1.665499644000076	0.015477050454958183	8327.49822000038	77.38525227479091	
0.522	1.6669027260000773	0.01555195230358495	8334.513630000387	77.75976151792476	
0.523	1.6678173780000762	0.01589248439663153	8339.08689000038	79.46242198315765	
0.524	1.6679554020000755	0.015423858746969025	8339.777010000378	77.11929373484513	
0.525	1.6697079180000798	0.015724463953131596	8348.539590000399	78.62231976565798	
0.526	1.6698313620000764	0.015477458125577761	8349.156810000382	77.3872906278888	
0.527	1.6707217140000796	0.015656114154484913	8353.608570000399	78.28057077242458	
0.528	1.6722472680000777	0.014896908879637717	8361.236340000389	74.48454439818859	
0.529	1.6736518080000784	0.015921096050561263	8368.259040000392	79.60548025280632	
0.53	1.6741873800000768	0.016055626958784933	8370.936900000384	80.27813479392466	
0.531	1.6746558840000803	0.01620332719988728	8373.279420000401	81.0166359994364	
0.532	1.6753285080000768	0.01602478652007561	8376.642540000385	80.12393260037805	
0.533	1.6764710940000775	0.016228028023121826	8382.355470000388	81.14014011560913	
0.534	1.6781944500000794	0.015393971365231142	8390.972250000397	76.9698568261557	
0.535	1.678333932000081	0.015487234402934364	8391.669660000405	77.43617201467183	
0.536	1.6795183140000793	0.015543542811645673	8397.591570000397	77.71771405822837	
0.537	1.67991780600008	0.015595537503735555	8399.5890300004	77.97768751867777	
0.538	1.6819818480000799	0.016254927899469723	8409.9092400004	81.2746394973486	
0.539	1.6821728460000789	0.015518238591552259	8410.864230000394	77.5911929577613	
0.54	1.6822350540000781	0.016117607155813965	8411.17527000039	80.58803577906983	
0.541	1.6832041380000782	0.01566567541349606	8416.02069000039	78.3283770674803	
0.542	1.6849639440000799	0.015279642012459575	8424.8197200004	76.39821006229788	
0.543	1.6856652420000782	0.016189105659223386	8428.32621000039	80.94552829611692	
0.544	1.6863922980000818	0.015547061387518001	8431.961490000409	77.73530693759001	
0.545	1.687081932000081	0.015972365829376608	8435.409660000405	79.86182914688304	
0.546	1.6879183380000784	0.015667528303399198	8439.591690000392	78.33764151699599	
0.547	1.68843252600008	0.015863721330866335	8442.1626300004	79.31860665433167	
0.548	1.6899065640000808	0.01612853606158866	8449.532820000404	80.6426803079433	
0.549	1.6912221660000804	0.01629195553420483	8456.110830000402	81.45977767102416	
0.55	1.6923433680000821	0.016256018249025162	8461.71684000041	81.2800912451258	
0.551	1.6918476480000795	0.01525259550647535	8459.238240000397	76.26297753237675	
0.552	1.6934767200000802	0.015495274510174285	8467.383600000401	77.47637255087143	
0.553	1.6946785980000827	0.015888461306195024	8473.392990000413	79.44230653097512	
0.554	1.696171104000083	0.015879382741821043	8480.855520000416	79.39691370910522	
0.555	1.6971192900000809	0.015937501192971288	8485.596450000405	79.68750596485643	
0.556	1.6966332900000805	0.015537054203547018	8483.166450000403	77.68527101773509	
0.557	1.6982555580000827	0.015976398209630902	8491.277790000413	79.88199104815452	
0.558	1.6988572260000805	0.015474866712090989	8494.286130000402	77.37433356045494	
0.559	1.6997150160000827	0.01601221585389747	8498.575080000413	80.06107926948735	
0.56	1.7011550340000823	0.015796504576864562	8505.775170000412	78.9825228843228	
0.561	1.7015185620000808	0.015698917241141672	8507.592810000404	78.49458620570836	
0.562	1.701900558000083	0.015758615694174877	8509.502790000415	78.79307847087438	
0.5630000000000001	1.7026378200000811	0.01566032800932531	8513.189100000405	78.30164004662655	
0.5640000000000001	1.7034897780000815	0.01574624903177817	8517.448890000407	78.73124515889086	
0.5650000000000001	1.704233844000081	0.015063289788878073	8521.169220000405	75.31644894439036	
0.5660000000000001	1.704736368000082	0.016149865967513114	8523.68184000041	80.74932983756557	
0.5670000000000001	1.7064111240000828	0.01553403833678423	8532.055620000414	77.67019168392115	
0.5680000000000001	1.7079395940000823	0.016249496734090804	8539.697970000412	81.24748367045402	
0.5690000000000001	1.7079614640000815	0.015777981010533734	8539.807320000407	78.88990505266867	
0.5700000000000001	1.7093431620000819	0.01546035522715483	8546.715810000409	77.30177613577415	
0.5710000000000001	1.709751402000081	0.015877635255366472	8548.757010000405	79.38817627683235	
0.5720000000000001	1.7101586700000821	0.015599002439231777	8550.793350000411	77.99501219615888	
0.5730000000000001	1.7118674460000847	0.015541811005965233	8559.337230000423	77.70905502982616	
0.5740000000000001	1.7124661980000824	0.016313445172521323	8562.330990000411	81.56722586260662	
0.5750000000000001	1.7127339840000833	0.015858704001519317	8563.669920000417	79.29352000759658	
0.5760000000000001	1.7134561800000836	0.015035139532164456	8567.280900000418	75.17569766082228	
0.577	1.7142410700000819	0.016154971709141517	8571.20535000041	80.7748585457076	
0.578	1.7154419760000836	0.015408647773749687	8577.209880000419	77.04323886874845	
0.579	1.7157987000000834	0.01497363949365863	8578.993500000417	74.86819746829316	
0.58	1.7172178200000827	0.015526198575300323	8586.089100000414	77.63099287650161	
0.581	1.718010972000084	0.015757346165369182	8590.05486000042	78.78673082684593	
0.582	1.7180221500000852	0.015334038417245363	8590.110750000425	76.6701920862268	
0.583	1.719931644000085	0.015342304022320776	8599.658220000425	76.71152011160389	
0.584	1.720282050000083	0.015568404289764479	8601.410250000416	77.8420214488224	
0.585	1.7212564800000836	0.015519324699021465	8606.282400000418	77.59662349510734	
0.586	1.7212482180000859	0.01578554208320183	8606.241090000429	78.92771041600915	
0.587	1.7220637260000817	0.01594385735062206	8610.318630000409	79.71928675311031	
0.588	1.723030866000085	0.015147002556482868	8615.154330000425	75.73501278241433	
0.589	1.724173452000082	0.015301043547279776	8620.86726000041	76.50521773639888	
0.59	1.725057972000086	0.015410185573680573	8625.28986000043	77.05092786840287	
0.591	1.7255843100000843	0.01568602004830923	8627.921550000421	78.43010024154614	
0.592	1.7266403880000845	0.016333370664303192	8633.201940000423	81.66685332151596	
0.593	1.7271307620000833	0.015485448063243552	8635.653810000416	77.42724031621776	
0.594	1.7277742260000857	0.015218899835697047	8638.871130000429	76.09449917848524	
0.595	1.7290062360000833	0.015643117207013515	8645.031180000416	78.21558603506759	
0.596	1.728617436000084	0.015850439227288435	8643.08718000042	79.25219613644217	
0.597	1.7294553000000854	0.015337851242141329	8647.276500000427	76.68925621070665	
0.598	1.7311373460000818	0.015627321339511214	8655.686730000409	78.13660669755606	
0.599	1.7313147360000853	0.015557243542040543	8656.573680000427	77.78621771020272	
0.6	1.7318444760000835	0.01493833754543919	8659.222380000418	74.69168772719595	
0.601	1.7333880120000842	0.01594176186573859	8666.940060000421	79.70880932869295	
0.602	1.7331051600000813	0.015357618455686934	8665.525800000407	76.78809227843468	
0.603	1.7351361540000871	0.015665687234090394	8675.680770000436	78.32843617045197	
0.604	1.734444576000084	0.015388452648277562	8672.22288000042	76.9422632413878	
0.605	1.736534862000088	0.015677574418417387	8682.67431000044	78.38787209208694	
0.606	1.737306144000087	0.015579392230100707	8686.530720000435	77.89696115050354	
0.607	1.7371729800000857	0.01582305168416195	8685.864900000428	79.11525842080974	
0.608	1.7384497020000862	0.015693042730944653	8692.24851000043	78.46521365472327	
0.609	1.738803996000085	0.015762083719357788	8694.019980000425	78.81041859678895	
0.61	1.739679282000088	0.015235820419541956	8698.39641000044	76.17910209770979	
0.611	1.7402469300000871	0.015739940987791506	8701.234650000435	78.69970493895754	
0.612	1.7407120320000882	0.015805845710465338	8703.560160000441	79.0292285523267	
0.613	1.7409623220000878	0.015068895897588863	8704.811610000439	75.34447948794433	
0.614	1.7424222660000843	0.015553713351778775	8712.111330000422	77.76856675889388	
0.615	1.7433466380000846	0.015833484027371118	8716.733190000423	79.1674201368556	
0.616	1.7442739260000861	0.015423019289574277	8721.36963000043	77.11509644787138	
0.617	1.744113060000087	0.015759983391249465	8720.565300000435	78.79991695624732	
0.618	1.7452289160000884	0.014919249847663166	8726.144580000442	74.59624923831582	
0.619	1.7463535200000893	0.015108923204042538	8731.767600000447	75.54461602021269	
0.62	1.74630783600009	0.015388105605472052	8731.53918000045	76.94052802736026	
0.621	1.7468779140000867	0.014901982075034773	8734.389570000434	74.50991037517387	
0.622	1.7473114260000893	0.01584722460125382	8736.557130000447	79.23612300626911	
0.623	1.7488773180000865	0.014906593956867874	8744.386590000433	74.53296978433937	
0.624	1.7497069200000885	0.015889120215344235	8748.534600000443	79.44560107672118	
0.625	1.7497851660000885	0.01564814222751385	8748.925830000442	78.24071113756925	
0.626	1.7511270120000888	0.015378178432828547	8755.635060000444	76.89089216414273	
0.627	1.751889060000091	0.014817596447887665	8759.445300000454	74.08798223943832	
0.628	1.751751036000084	0.015602405544490975	8758.75518000042	78.01202772245487	
0.629	1.7526078540000876	0.015041784629715246	8763.039270000438	75.20892314857622	
0.63	1.7533358820000888	0.015510185992377188	8766.679410000444	77.55092996188594	
0.631	1.75407849000009	0.015104132334296947	8770.39245000045	75.52066167148475	
0.632	1.7562985380000893	0.015736015908565132	8781.492690000447	78.68007954282565	
0.633	1.7562844440000889	0.015349457987659389	8781.422220000444	76.74728993829694	
0.634	1.7558154540000894	0.015059590326763147	8779.077270000447	75.29795163381574	
0.635	1.757126196000089	0.015670857323632374	8785.630980000446	78.35428661816186	
0.636	1.758218724000088	0.01486384138437561	8791.09362000044	74.31920692187806	
0.637	1.7576573940000861	0.015192765453228667	8788.28697000043	75.96382726614333	
0.638	1.7590410360000914	0.015107132538994905	8795.205180000457	75.53566269497452	
0.639	1.7598754980000897	0.015403551693296361	8799.377490000448	77.01775846648181	
0.64	1.7603673300000897	0.015428957542593626	8801.836650000449	77.14478771296814	
0.641	1.7615288700000888	0.015054378353925963	8807.644350000444	75.27189176962982	
0.642	1.762479000000089	0.015349215749348779	8812.395000000444	76.74607874674389	
0.643	1.7625368340000906	0.0159441619283205	8812.684170000453	79.72080964160249	
0.644	1.7628430140000892	0.014731372699916858	8814.215070000446	73.65686349958429	
0.645	1.7637809940000908	0.01507445527374099	8818.904970000454	75.37227636870496	
0.646	1.7643889800000903	0.015556336186122286	8821.944900000452	77.78168093061143	
0.647	1.7658834300000887	0.015604021117877231	8829.417150000443	78.02010558938615	
0.648	1.7666547120000906	0.015144009049558529	8833.273560000453	75.72004524779264	
0.649	1.7662683420000893	0.015261257371235577	8831.341710000446	76.30628685617788	
0.65	1.7661040740000895	0.01509151157832039	8830.520370000448	75.45755789160195	
0.651	1.7683119720000897	0.014715274225894281	8841.559860000449	73.57637112947141	
0.652	1.7692562700000898	0.014937595426947189	8846.281350000449	74.68797713473593	
0.653	1.768700772000089	0.01482765846234896	8843.503860000445	74.13829231174479	
0.654	1.7692353720000904	0.014810903990157678	8846.176860000453	74.05451995078839	
0.655	1.77054076800009	0.015226157831384512	8852.70384000045	76.13078915692256	
0.656	1.7717961060000893	0.01535969733897189	8858.980530000446	76.79848669485945	
0.657	1.77164398800009	0.015021628988625363	8858.21994000045	75.10814494312682	
0.658	1.7716094820000876	0.015193767181569263	8858.047410000438	75.96883590784631	
0.659	1.771463682000089	0.01501067337806437	8857.318410000446	75.05336689032185	
0.66	1.7739694980000889	0.015202858007363328	8869.847490000444	76.01429003681663	
0.661	1.7744520960000916	0.015195468340753407	8872.260480000457	75.97734170376702	
0.662	1.775010024000091	0.014789255051403915	8875.050120000455	73.94627525701956	
0.663	1.7753025960000877	0.01551609329814827	8876.512980000438	77.58046649074134	
0.664	1.7755334460000887	0.01550262816251302	8877.667230000443	77.51314081256508	
0.665	1.7763368040000915	0.015498994934435002	8881.684020000457	77.494974672175	
0.666	1.7772368760000892	0.015273272363730049	8886.184380000446	76.36636181865025	
0.667	1.7782603920000897	0.01549213118632789	8891.301960000448	77.46065593163944	
0.668	1.7782336620000934	0.015561732984787215	8891.168310000467	77.80866492393608	
0.669	1.7789121180000929	0.015535201381576417	8894.560590000465	77.67600690788208	
0.67	1.7799788880000917	0.01471835522860852	8899.894440000458	73.5917761430426	
0.671	1.7800129080000924	0.01502755629340946	8900.064540000461	75.1377814670473	
0.672	1.7813353140000916	0.015260257596694101	8906.676570000458	76.30128798347052	
0.673	1.7820934740000889	0.015214261778981577	8910.467370000444	76.07130889490789	
0.674	1.7820939600000933	0.015510059359733536	8910.469800000466	77.55029679866767	
0.675	1.7839606860000903	0.015187632961243815	8919.803430000451	75.93816480621906	
0.676	1.783586952000089	0.01500038331582729	8917.934760000446	75.00191657913645	
0.677	1.784137104000092	0.015336529934676895	8920.68552000046	76.68264967338447	
0.678	1.7848330560000916	0.014982647624399291	8924.165280000458	74.91323812199646	
0.679	1.7848855440000897	0.015601184279154025	8924.427720000449	78.00592139577013	
0.68	1.785930930000091	0.015182557353330003	8929.654650000455	75.91278676665003	
0.681	1.7869141080000936	0.014634578644989647	8934.570540000468	73.17289322494824	
0.682	1.7874671760000935	0.015175274660087003	8937.335880000468	75.87637330043502	
0.683	1.787714064000092	0.015090892610974307	8938.57032000046	75.45446305487152	
0.684	1.7880333660000913	0.01521805956441554	8940.166830000457	76.0902978220777	
0.685	1.7890005060000937	0.015281898552078524	8945.002530000469	76.40949276039262	
0.686	1.7889057360000915	0.015024826760078073	8944.528680000458	75.12413380039037	
0.687	1.7900988660000912	0.015194659534129079	8950.494330000456	75.9732976706454	
0.6880000000000001	1.7906956740000908	0.01492235691631107	8953.478370000454	74.61178458155534	
0.6890000000000001	1.7907816960000902	0.014549157440196818	8953.908480000451	72.7457872009841	
0.6900000000000001	1.79156124000009	0.015096840408723106	8957.80620000045	75.48420204361553	
0.6910000000000001	1.7922017880000927	0.01419130848410759	8961.008940000464	70.95654242053796	
0.6920000000000001	1.7927514540000906	0.015088468420152467	8963.757270000453	75.44234210076233	
0.6930000000000001	1.7941103100000921	0.015022689823195904	8970.55155000046	75.11344911597952	
0.6940000000000001	1.792710630000093	0.015016393167706883	8963.553150000465	75.08196583853442	
0.6950000000000001	1.79421285600009	0.015071050292641107	8971.06428000045	75.35525146320553	
0.6960000000000001	1.7949015180000922	0.015374536304803883	8974.507590000461	76.87268152401941	
0.6970000000000001	1.7958642840000925	0.014897357643266726	8979.321420000462	74.48678821633362	
0.6980000000000001	1.7961374160000934	0.015116056867152842	8980.687080000467	75.5802843357642	
0.6990000000000001	1.7969548680000913	0.01514805288024275	8984.774340000457	75.74026440121375	
